     2     5    24    17    44    27     2    28    34     6     3    39    25    15     2    44    35    11    17    37
     3    40    31    39    29    46    19    23     2     8    24    14    17    19    41    13    37    13    46    16
    38     4    31     6    46     3     9    15    31    26    42    42    41     6    42    40     9    15    25     3
    23    44    44    32    39    30    40    42     6     4    21    27    43     4     4    19    10     9     3    44
    46     7    23    15     9    45    35     8     3    44    30    21     2    36     9    38    10    31    21    33
    24     6    40    23     2    15    40     2    23    21    29    45     3    44    44    19     2    18    30    24
    31    38    16    31    22    37    12    10    42    42     2    31    36    25    14    27     2    11     8     5
    22    34     8    25    23     2    44    21     5    33    39     2    35    14    30    33     6    37    38    22
    39    46    40    45    16    43    20    37    10    31    41    29    22    12    26    20    35    15    12     8
    17    45    19    24    10     5     3    39    22    42    16    12     2    41    45    29    13    12    38    33
    29     7     2    14    41     2    26    40    21     3    30    43    32    30     2    36    26    33    46     3
     5    24    40    40    25    34    41     2    16    16    46    35    12     2    28    43    22    23    27    28
    36    17    46    27     5    31    37     2    25    45    37     6    17     3     8    38     6    46    12    31
    28    44    30    30     7    32    13    38     4    22    19    46    24    44    12    11     8    21    23    12
    13     2    40     2     9    16    43    42    26    21    21     6    42     2    31    20     6    10    34    38
     6    35     2    28    10    29    32    29    17    44    20    40     2    24     3     3     8    20    25    11
    44     5    13    20    34    33    10    32    10     4     2    39    30    19    23    26    46    13    26    29
    26     2    42    39    22     6     2    29    38    24    26    31     2    42    37    23    39    37    33     2
    25    28     4     8    25    23    35    46     2    41    16    26    42    22    13    44     7    40    39     7
    18    13     3    10    46    20     4    27    40    31    23     2    29     6    16     7    20    18    27     3
    18    35     7    19    34     6     9    39    27     7    12    17    14     7    13    34    39    46    23     4
    25     5    37    15    28    45    19    19    30     6     5    18    14    17     5    33    44    41    30     2
    45    37    34     8     2    36    43     9     4    29    18    21     5     3    21     5     4     9     5     7
    11     2    16    46    44    32    13    43    42    39     2     7     2    35    19    45    17    38    22    41
    37    22    40    27    26    14    16    35    27    38    22     7    37    34     7    27    17    11    11    33
    29    24    21    35    29    18     7     2    36    10    35    25    43    38    38    24    14    19     9    23
    30     4    12    12     6    46     6    45    44    20    13    16    19     4    22    12    33     3     2     2
    45    45    35    45    18    21    28    44    41    13     2     8    18    16    27    14    38    32    15     3
    24    32    30    46     9    39    34     2    18    10    11    32    18     2    45    25     5    36     9    31
    16    46     2    22    19     7    22    41     2     2    25    45    20    34    10    15    37    29    14    42
    44     2    40    46     6    37     6    37     7    18    11    45     2    17    34    24     2    44     2     8
     2     2    39    34    43    20    31     7     2    29     2    29    19    43    33    28     5    24    39     2
    21    34    44    16    26    16     8     2    13     9    23    24    29    20    22    26    46    24    29    27
    27    31    43    20    30     4    31    26    45    31    38     2    18    12     2     9    27    12    30    40
     6     5    41    11    39    30    35    16    42    16     2     7    19    21    15    28     9     6     3    18
    27    34    24    25    42    29    43    37    21    32    22    18     2    37    45     4    43    18    28    22
    15    31    15    42    10    37     4    12    27    17    43    18     8    23     6    22    30    28    13    36
    42    41    10    36     4    14    22    44    19    21    16    11    42     2    35     2    36     2    31    25
     2    29    13    19    17     9    26     9    23    34    25    44    38    23     9     4    22    13    42    39
    23    20    38    24    20    18     2    46    39    19     7    20    18    27     3    37    36    22    25     2
     3    14    15     6    17    24    34    46    17    36    36    18    39    15    39    46     4    37    22    31
    24    44     2     7    15    27    46    46    20     2    10     5    23     3    43     6     8    14    38    27
     7    30    22     8    27    41    45    29    34     2    13     2    22    20     2    37    33    34    36    43
    24    24    14    28    31     3    44     2    30    18    37     4    45    13    25    45    34    26     2     6
    19    24    30    31    18    11     4    18    45    30    17     6    25    31    15     4    16    18    44    35
    29     6    20    12    19    34    44    20    33    44    14    39     8    23    27    15    46    30    39    23
    41    39    14    38     2    35     7     2     7    37    46    30    45    24     4    41    46    33    33    37
    38    43    45     9    26    18    27    37    19     7     5     7    37    13    22    19    32     5    16     4
    36    37    38    10    38    37    18    28     2    29    42    20    25     6    40     5     6    30    43    36
     2    15    43    33    11     2    20    20     4    13    29     2    37    22    11    18     2    18    26    45
    23    24     2    26    13     5    41    25    35    20    36    37    28    31    25     9     2    43    40     2
     9     5    15    23    35    10    22    33    20    24    10    34    37    39     9    27    17     6    44    27
    26    43    23    33     3     2    43    33    17    19    19    40    42    27    35    44    10    16     9    14
    35     9    46    39    43    42     5    20    21     9    40    45    39     5     4    33    21    45    34    40
     3    34    44    10    14    10     2     9    20     5    42    19    13    33     6     2    14    44    37     5
     9     6    32    39    46    30    35    41    25    19    22     2     2    11    30    15    40    44     9    23
    37     2    34    20     9     3     2    25    10    20    19    23     5     3    13    19    41    28    24     4
    20    40    35    45    28    44    24    22    45     5    11    26    38    43    14    44     7    45     3    45
    40    36     3    22    14    23     5    21     5    18    25    43     4    29     2    13    23    40    23    13
    12    32     6     2    25    29    42    46    10    34     7    18    29    34    24    16    41     9    14    25
    43    17    39    43    26     2    37    38     9     5    23    43    13    16     5     6    15    37    24    20
    36    26    41    42    13    10    37    17     9    44    24    35    44    35    11     2    17    15    25    38
    41    22    25    22    31     7    45    21    39    39    15     4     9    28     2    40     3     2     8    14
     7     4    28    17    11    11    34     2    26    26    41    15    17    31    46    23    31     5    30    26
    36     2    24    35    26    11    28    35    18    38    36    21    41    31    18    27    19     4    32     5
    15    16    21    27    29     6     5    10    46    24     3     5    34    15     2    12    45    35    36    45
    24    23     2    12    28    37    15     2    23    33    36    35    32     2    33    32    39    28     9    29
    41     4     3    29    38    41    19    31    31    36    13    22    22     2    19     2    20     4    31    29
    13     9    28    27     4     2    38    42    13    37    23    45    33    16    35    43     2    42     3    26
     6    30    46    13    41    38    31    36    40    31     2    14    44    22     4    42    31     7    34    20
    22     6    21    12    44    27    21    26    15     2    35    37    12    16    27     8    43    20    40    24
    30     3    30     8    29    24    19    38    35     3    44     5    13    21    31     2    37    12    25    26
    18     2     3     2     4    46    10    21    45    28     5    29     9     2     3    30    22    22    44    41
    15    43    36     2    23    15    13     2    17    46    22    18    38    11     7     6    33    43    12    17
    36     8    17    41    24    11    38    24    25    16    23    23    35     6    20    34    10    18    11    17
    17     2    45    44    23    17    44    29    40    27    28    23    35    22    20    10    27    42    15    16
    30    40    32     8    15    18    39     9     8    11    32    40    28    29    45     2    22    36    26    38
    22     2    11    43    39     4    44    14    20    33    10    37    32    26    27    25    36    26    25     8
    42     3    25    29     9     7    43    20    14     6     2    44     5     3    26    44    40    34    26     7
    36     2    13    41     4    24    27    18     6    39    44    17     2     2    39    39    43    38    44    11
     3     3    38     6    13     2    25     6    28    33     5     8    15    14    32    44     4    44    23     2
    45     9    12    37    41    18    13    20    18    39     2    42    33     6     7    31    15     2    39    12
     2    16     2    37    12    39    46    10    10    16    22     4    12    37    27    36    32    19    42    44
    17    29     2     7    43    44     2     7    11    14     2    42    22    35    41    30    37    21     4     3
    17    12    22     2    23    26    14    40    36    37    35    21    43     8    37    26    33     3     2    38
    39     9    35    26    31    46     8    41    22    18    34    24    24    16    43     2    25     9    41    45
    37    31    17    18    14    42    24    34    15    46    27    38     3    20    36    23    20    22    11    34
    22    45    24     5    11    40     2    28    25    20    21    39    27    28    26    10    46     2    35    24
     3     5    35    35    36    12    34    21    19    21    20     9    29    39    43     2    25    17    35    15
    24     8    33    36    37     5    37    39    25    37    11    38    16    33    28     4    20    45    26    33
    41    42    33     9     2     2    18    30     8     2     4     2     2    17    36    18    24    45     6     2
    35    14    35    35    43    14    12     9    28     4     4    20    14    13    42    39    32    43    28    32
    43    40    45    21    31    10    10    41     7    38    23    32    22     8     2    36    38    16    29    15
    23    21    31    41    26    43     8    44    18    46    31     3    30    43    12    18    45    33     5    18
    22    25     9    40    18    43    12    40    27     2    40    16    12    37    15     7    38     2    26    31
    13    20    12    31    40     3    27    37    46    30     2    34    18    26    31     8    26    40    14    37
    17    17     4    32    46     8    46    29    16    16    38     2    37    45     9    23    28     4    35     8
    24     5    12    36    17    40    31    23     4    25     2    41    36    25     7    45    26    35    26    10
    32    19    41     2    20     2    39    39     6    23    33    10    26    22    24    19    26    17    46    18
    24    31    17     2     2    39    17    33     2    25    31    12     2    16     2    13    18    37    18    14
    36    13    16    35    14    44     7    11    21    35    13    15    24    31    17     2     7     2    35    18
    31    32    38     2     3    31     4    24    34    11     2    31    10    17    43     2    14    24    27    10
    24    45    35    31    12    44     2    19     3    18     4     6    33    35    11    19    42    44    30    41
    20    16    26    43    43     7    42    17    46    22    38    41    37    31    12    37     9    39    44    36
    35    29    14     7    39    14    45    25    32    43     6    38    13    16    31    19    31    23    13    21
    19    12     6    25    18    46    34    44    29     2    15    23    25    23     8    14    25    40    31    46
    23    42    28    28    36    26    18    40    26    10    10    25    44    36    28    41    28    22    15    43
    15    31    24    19    37    31    36    38    39    24    27    21    28     8    15     2     2    30    30    30
    18     9    23     2     7    10    23    29     5    14    46     4    44    44    37    45    30    35    40     3
    32    43     6    42     2    25    10     4    15    20    29    41    43     7    45     3    25    27    23    18
    44    38    35     8    23    45     2    20     2    46    40    31    39    14    37    41     7    45     2     6
     9     9    15    23    34    24    46    36     2    22     2    32    17    19     2    42     8    32     9    19
    32    38     2    14    42    43    29    31    25    25    29    33    31    14    25    41    25    26    25    37
    42     7    20    22    23    13    15     3    27    16    15    31    41    39    11    20    35    12    29     6
     5     7    13    35     9    18    45    34    35     2     7    38    11    28     8    17     8    42    20    23
    33     5    26    32    22     2    41    31     6    29    17    42    37    35    20    28    22    37    19    42
    10    15    37     5    34    30    30    12    28     2     2     2    42     5     9    41    15    29    25    15
    32    20    23     3    26    11    26    11    29    16     5    43    13    22    28    44    39    21    23    19
    25     7    16    18    42    10    43    27     6    41    33    36    33    13    15    29    15    10    25    30
     2    38     2     3    37    18    21     6    38    14    29    32     7    22    34    22    25    46     9    32
    13     9    33     5    21    23    35    40    19    10     8     5     2     2    41    27    10    25    24     5
    16    11    42    21    21    34    12     7    44    42    22     2    36    25    16     5    25    33    41     9
     2    42    30    34    19    34    36    26    36    36     5     6    20    29    30    16    31    44    34    39
    15    13    15     8    42    37    30    27    24    23    30     2    20     2    23    35    44    28     4    45
    39     2    14    27     4    14    42    34    23     8    37    31    28    12     7    26    20    45    20    44
    25     7    30    29    34     7    21    34    20    44    20    33    13    23    27     8    28    14     8    41
    23    46     2    35     5    17    18    37    39    40    37    10    10    28    36     3    18     4    21    45
    32     2    28    43    19    37    42    25    39    33    24     6    15    18    22    35    19     2    32     5
    31     2    38     2    11    26    43    32     2    36    33     8     6    17    39    18    37    39    36     2
     6    16     7    32    43    23    44    24    17    34    32    21    10     4    35    15    43     3    11    14
    26    10    33     4    21    34    28    33    26    11    15    46     9    37     6    36    30    37    25    41
     2    33     2     9    37    26     2    24    40     2    30    42    19    43    31    33    39    23     2    34
     3    24    11    17    43    27    27    28    40    23    25    32    13     8    17    28    10    40    20     3
    27    40    23    27    42    35    11    20    11    13     2     2    37    32    10    20    26    29     3     8
    36    36     8    41    34     2     9    23    29    41    30    26     4    24     9    26    17    22    31    21
    15    35    14     2    27    39    31     2     4     2    38    23    44     8     7    21    15    17    36    36
    46    45    18    36     6     5    34    31    36    11    11    15    44    39    12    40    18    13     6    15
    38     2    18    35    45    39    40    17    21    15    46    43    33    43    19    32     8     6     8    46
    10    14    13     2     7    12    21    26    35    38    23    14    43    31    35    27    40    21    41     2
    15    15     5     4    20    25    32     6    23    17    12    23    35    18    35     2    10    28    28    39
    39    18    39     8     3    38    10    21    26    19    16    38    44    12    21    44     4    28    29    37
    25    19    40     9     6    41    35    14    12    23    22     8     2    20     9     5    40    37     2    27
    40    37    10    20    14    38    25    29    29     9    32    20    28    36    32    17     4    45     7    30
    25    28    35    44    25    30     7     9    33    43    30    41     7    10    32    42    31    20     3    15
    41    26    38    41    44    38    17    15     2    36    12     9    32    12    22     2    23     9    44     2
    21    35    39    16     8    25    35    34    32    10    24    33    29    46    19    42    15    27    29     2
    17    44    30    12     7    39    30     3    37    13    31    16    43    43     2    10     2    42    43    43
    28    10    17     6     9    44     4    14    18    32    20    36     8     4    15    26    42    34    28    12
     7    10     9     7    10    28    45    10    31    27    26    27    25    37    38    32     8    16    29    20
     3    32     7     4    27     2    37    35    23    24    42    44    35    30    32    20    35    23    36    37
    16    46    24    23    24    40    28    14     5    24    22    42     8    39    45    37    21    20    30     5
    44    30    44    10    34    25     3    24    23     3    24    40     2    34    36     3    20    24    17    43
     8    23    18    35    28     3    46     4    28     6    44    32    34    15     7     7    32    30    27    28
    33    26    35    46    29    27    36    31    41    32    30    39    30    24    39    36    42    35    25    10
    21     7    29    17    12     5    11    40    29     6    41     2     3    34    27    36    38    12    44     4
    11    27    36    20     2     2     2     5    37    17    36    19    10    44    21    37    40    38    19    28
    15    33    17    39    27    43    30    42    21    19    23    40     9    20    39    26     2     2    10    14
    44    20    31    27    44    20    23    39    43     6    39    31    12    22    42    12    40     7     7    11
     5    45    12     7    21    36     6    12    43     2    42    13    10    20    44    32    31    37    43    30
    20    12     8    44    32    23    37     2     8    41    10    11    18     2    41    22    33    25    27    45
     4    20    16     2    15    23     2     2    15    11     2    27    12    37     2    11     2    30    35    28
    12     3    17    17    31    36    14     2     2     9    28    19    14    29    37    36    20    13    29    24
    45    14    44    37     2    35    40    24    22     2     8    37    15     5    45    14    44    19    16     8
    14    36    17    27    22    41    12    41    16    41    22    37    29    20     4    16    17    25    10    41
     5    33    13    27    13    43    32    38     5    35    30    35    33    37     5    20    38    17    46     2
     8    38    45    27    28    28    30    14    19    29     5    43    27    35    32    21    36    14    25    41
     7    26     8     3    46    43    43    40    46     2    31    14    27     2    17    44    14    29     2    38
    11    20    31     2    24    13    44     2    46     4    45    30    17     6    42    17    14    27    17    16
    33    19    19    32    43    34    24    36    26    24    39     2    39    21    33     2    36    38    14    16
    38    12    36    14    29    46    21    21    16    19    17    41    21    14     2    26    15     6    37    36
     7    40     6    18    12    39    19    42    46    16    25    35     6    32    19    30    39    18     5    41
    35    20     2    30    24     9    45    19    14    27     5    25    10    13    27    38    34     2     2    27
    10    38    19     5    16    22     4    41    25    19    17    38    23     7    42     4     7    17    45    46
    44    21    16     7    10    23     2    23     5    10     3    32    20    45    20    26     7    39     2    23
     5    34    17    32    37    28     8    11    29    33    40     2    24     4    11     2     2    35    13    40
    39    32     9    39     8    43    11    11    37     5    38    36    12    42    25    19    19    11    46    34
    41    35    44     3    14    38    21    38    37    36    44    32    34    34    23     3    15    29    11    32
     2    36    29     9    23    13    39    42     3    38    46    30     2    25    45    14     2     6    22    23
    26    36     5     4    12     2     5    36     5     8     5     7    23     6    27    13    18     6     5    20
    26    29    45    42    26    27    45    42    28    13    22    11    36    27    27    13     2    20    14    23
    15    12     2    32    12     4    27     2    19     2    46    10    20    28     2    40    19    31    44    24
    25     2    35    20    30    14    11     2     2    36    27     6    20    35    46    11    41    24     2    29
     6    35    17    35    25    34     3    32    36    16     8    35    21     4    14    33    40     2    32     3
     7    20    38    28    15    10    27    20    25    42     8    20     2    39    46    25    34    10    14    22
     7    38    36    15     3     9    25     2    15     7     5    46    36    39    34    27     6    45    28    11
    42    23     3    35    42    12    14    18    17    34    43     2    27     4     4     9    40    25    46     9
    37    11     3    27    30    24    11     2    25    35    40    13    30    20     2     4    25    38    26     2
    39    38    13    45    27     5     5    13     2    46    46    32    38    29     2     9    46    35    14     5
    16    27     7    39    29    22     2    23     2    15    18    46    18    17    46    27    34     8    42    17
    43    36     6    34    37    42    32    22    11    38    11     3     2    27    12     2    36    37    15    43
    11    13     2     5    20    25    27    46    45    22    13    31     2    40    36     8    22    19    43    29
     2    43    22     2    41     6    22    25    42    22    42    35    17    32    23    42    34     2    26    19
    38    16    20    25    33    26    10    37    46     5     4    12    26     7    33    12    12    32    39    12
    24     6    18    32     3    13     8    25    28    13    13    24     4     2    35    39    43    15    28    24
    31    43    21    41    40    18     2    31    23    25    34    36    15    23    37    27    10     2    29     8
    44    22    18    14    41    35    38    46    23    11    16     7     9    28    37    29    22    10     3    26
    19     7    43    12    12    33    32    18    18    36    36    12    34    25    16    39     2    16    31     4
     9    43    34    30     2    34     8    44     2    17    38    43    30    44    38    24    25    34    12    10
    26    41     5    45    26     2    30    33    24    29    23    29     5    23    37    10    45    16     6    17
    25    10    31    28    28     2    13     6    17    25    26    12    27     6    27    11    35    41    34    18
    30    19    24    22    15    41    35    20    21    13    14    40     4    42    31    35    38    30    33    43
    29    45    46    28    38    22    45    22    14    42    45     2    34     9    46    18    20    44     2    45
     5     5    32    44    31    38     2    31    15    16    40    15    46    16    24    25    26     8     6     7
     8     3    35    15     7    37    24    38    18    33    11    38     3     2    17     3    36     7    15    24
    17     2    26    45    39    38    32    46    16    45     3    23    41    23    10    25     2     5     5     2
    34    41     9    14    14    36    25    36    10    29    41    38    23    31    26    33    26     4    41    23
    12    17    26    28    41     4    10    29    33    18    43    24     6    32    35    29    13    15    21    23
    24     2    33    13    44    18    15    29    38    18    16    14    21    19    13     9     6     8    32     2
    18    16    35     9    41    34     2    36    36     8     4     3    34    41    23    11     6     9     6    19
    12    45    27    36     3    13    22    37    40    18    18    16     2    16    45    19    42     7    19     6
    10    44    19     2    24     6    40    38     2    38    30     8    23    44     4    45    21    21    16     4
    44     2    25    35    33    39    21     4     7     6     9    31     6    41    45    42    15    37    30    20
    14    12     6    32    22    34    38    30    16    43    15    46    41    36     9     5     9    17    44    17
    33     6    19    22    17    46     2    43     2    22    43    37    35    35    14    22    41    27    43     4
     7    15    27    12    32    22    11     6    37    27    18    10    21    24    39     7    29    44    44    38
    32    12     6    26    35    25    20    10    12    16    40    30     9     7    42    19    36     2    38    16
    39    24    14    36     4    35     6    21     6    42    42    18    19    10    29    20    22    20    44    20
    18     5     7    12    22    25    46    31    35    19    44    21     5    24     2     9     2     4    15    15
    18     2    30     6     2    45    42    17    15    26    35    15    24    14    28    19     2    19    24    21
    18     3    22     9    43    43    21    22    18    27    37    44    24     3    11    13    10    42    33    40
    37     2    44    18    44    16    12    16    36    21    26     4     2     5    17    33     2    38    39     5
    38    17    46    21    38    13     8     4    18    39    32    11    14     6     5    11    34     6    32    33
     2    36    12    41    15     3    30    29    16    11    45    17     2    33    15     2     2     2    46    25
    31    22    42    25    13    21     3    18    39    32    46    12    41    18    44    33    32    33    25    17
    40     2    39    13     2     5    26    10    44    17    28    23     9    15    38    40     6     4     2     3
     8    40    18     8    13    25    23    12    33     5    23    20    29     5    21    19    19    10    24    18
     7     4    37    43    24     7     3     2    19    32    40    25    15     4    46    42     8    21    27    28
     7    21    37     5    44    18     3    26    22    35    34    18    13    44    16    25    36    31    19    33
    19     5    24    24    31     2    27    25     7    38    26     4    38    37     5    40    18    21    37    19
    31    33    31    22    33    41    12    15     2    20    31    11    35    13    37    38    27    21    27     6
    24    36    29     5     5    30     2    10    27    16    18    15    11    14    40    28     7    17     2    26
    14    27    16    34    22     2     9    40    33    41    12    12    23    34    19    18    16    17    29    13
    11    26     6    28     2    41    18    41    21    17    25    10    16    41    27    20    37     7    10    46
    12    17    42    39    43    38    44     6    12    39    21    42    25    34     4    16    25    46    22    33
    12    27     8     2    46     9    16    31    37     6    37    33    11     7    18    19    45    14    33    17
    26    24     4    17    25    28     9    44    28    15    39    18     3    37    30    43    26    21    14    15
    18    21    30     3    36    20    44    38    23    31     2    14    39    35    26    30    24     5    40    17
     2     9    18    15    25    35    43    33    14    16    19    16    24     2    41    31     7    35    44     4
     6    19    30    14    44    10    24     9     2    11    38    27     7    22    36    20    28    14     2     2
    17    29    39    31     2    42    33    15    46    13    45    39    35     5    35    16    10     2     2    42
    12    29    25     5    14    32    35    46     2    37    43     2     9    14    12     3    16    38    29    28
    24    13    14    13    34    26    33    20    27    37    31    16    22     5     4     9    24    43    27     5
    39    36    34    12    38    15     4     4    12    31    40    13    14    10     8    19    24    46    23     2
    14    29    24     9    25     4    39    37    24     3    13    24    40    25    11     2    22     2    41    15
     8    41    40    18    20    13     7    27    44    42    33     9    34    27    46    28    16    31    37    22
    14    43     4    35    42    18    15    40    17    17    44    36    13    36    40    28    27    40    23     4
    19    39    14    19    39    13     4     5     9    42    30    34    41    46    14    12     6     3    31    16
    17    40    43     2    19    34    42     2     2    16    14    36     9    26    27     2    41    26    43    46
    19    21    27     5    25    43    26    12    41     9    16    23    11    45    12     4    37    34    35    28
    42    41     7    16    32    12    28    26    39    26    26     7    31    33    21    45    34    29    30    30
     3    14    31    34    41    34    25    10    13    29     6    30    32     5     2    44    16    42     3    30
    18     6     2    46    18    38     9    24    24    12     2    35    46    24    19    44    11     9    23    39
    15     3    35    41    46    15    45     2    16    20    24    35    11    43    13     4    18     4    17     2
    32    21     3     2    16    44    34    10    15    44    36    23     3    18    24    13    10     2    42     2
    18     7    20    29    16    37    46     2    40    41    39    45    28     2     4    45     4    40     3    44
    15    16     2    41     4    29    40    12    32    36    32    27    41    39    32    23    26    42    37    25
    20    17    19    24    33    17    39    19    45    31    23    38     6     2    28     2    17    14    30    16
     2     9    43    32    19    19    25    13    38     2    25    12     7    26    45    28    35    10    26    45
    24    42    36    44    14    15    12    25     2    33     2     5    35    39     6     2    36     7    45    31
     7    24     9    18    13     2    17    40    34    38     8     2    33    33    40     4    26     7    21    28
    36    42    23     3    37    45     3    27    31    10    26    41    37    14     2    30     7    13    46    19
    16    29    38    23    37     4    11    28    15    45    10    18    43    44    38    44     2    27    22     4
    44     2    45    33    38     2     6     5    43    45     6    21     8    23    18    38    21     3    14    32
     2    45    43    13    13    36    45    44    15    31    28     3    31     6    20    28     8    15    34    19
    37    44    45    41     5    34    44    21    28    41    35    38    38    33    10    15    17    42    45    12
    27     2    36    11    19     3    36    17    36     8    10    29    36    22    39    39    37     6    31    43
     2    16    14     5    17    21    27     2    43    16    17     8    37    33    10    13    20    17    19    37
    34     4    22    23    21    34    17    30    45    42    19    19    41    18    41     7    16    30    18    27
    36    31     7    27    39    15    10    21     2     7    16    28     2    14    12    18    10    45    31     6
    20    15    45    20    43    33    37    23    17     2    44    20     9    31    28    32    37    17    31    12
    42    44     8    32    23    13     2     6    12    39     2    15    30     6    21    30    12     5    26    20
    37    13    30    15    41    14    38    24    22    19    11    27     8    19    24    28    32    17    45    41
    17    25     4    25    40    22    32     7    16    10    32    34    27    16    18    46    13    22    45    20
    35     8    36    10     6    42    46    41    32    44     2    38    34    34    46    36    31    37    39    35
    45    16     5    17    43    46    23    18     4    24     7    32    46    34    10    46    43    36    42    21
    46    15    17     9    29     2     8     8    44     7    25    16    34    40    29    33    22    44    22    14
     2    29    18    36    19    34    28    15    14    33    25     2    15    25    35    42    44     2    43     6
     2    11     2    17    16    29    14    18    21    45     4    20     2    10    21     2    25     8    16    32
    37    38    33     7    12     2    31     3    12    37     2     6    34    20    31     2    41    46     7    20
    17     6    29    16    24     6    32    22    46     7    16    41    29    11    40    20    17     5     2    18
     7    31    10    14    21    13     2    44    12    41    20     2     7    16    37    11    19    36    15    12
    31    33    16    17    10     2     2    25     5    26    21     2     3    14    40    22     7     5    24    25
    43    42     5     2    32    18    43     5    41    32    38    11    44    16    12    22    29    40    24    29
    12    28    41     5    32    15    14    46    39    13    19    33    23    13    23    12    10     8     6     9
    44    12    37     5    29     2    42    28    25    44    42    43    28    10    25    46     8    38    29    33
    17    27    29    24    33     2    19    25    13    10    34    13    19    35    29     2    38    25     2    43
    40    14    14     2     5    31     3    18    38    13    17    12    25     5    16    30     3    37     2    28
    22    19    20    25    35    14    26    39    21    36    33     2    15    26    10    14    11     3    45    17
     2    36    24    44    45    40    39     4    13     3    17    25     3    25    22    35     9    43     4    18
    32    16     7     6    15    28    12    38    19    33    25    13    15    46    42     2     5    26     7    18
    44     2    15     8     2    13    23    36     6    46    22    19    13    21    23    44    33    13    43    20
    32     2    19    18    41    15    32    36    20    36    37     2     2    12     2    23    36    15    11     7
    36    40    25    16     2    13    25    15     2    27    40     2    38    10    40    34    33     9    23    36
    22    30     3    39    23    23    18    41    12    39    39    14    31     7    22    29    23    16     2    34
     4    40    46    39    39    24    45    10    15    34    21     3    28    33    38     2    26    14    23    43
    32    42    32    41    21    28    28     3     4    19    42     6     5    38    46     9    16    17     7    39
    40    23    37    16    38    22     2    19     2    38     5     5    27    21    28     3    16     3    22     9
    41    26    39    27    43    42     7     2    27     2     7    27    38    19    29    15    36    20    12    35
     2    13    27    42    29    43     5    36    21    29     7    27    16    45    40     7    30    43    12    30
     6    41    41    35    21    42    16    46    25    34    39     9     4     4    25    33    46     2    43    40
    40    46    10    27    18    14    42     5    46    26    28    30    29     2    18    44    33     7    29    43
    35     2    40     9    24     5     9    31    45    36    46    37    30    19    28    15    21    26    12    12
    28     2    27    23     7    43    46    25     5    37     7    13    13    40    15    37     8    22    14    24
    37    29    16    37    12    14    33    12    24    40    37    45    15     3    36    39    40    21    34    28
    27    19    33    36    16     3    17    24    17    12    33    15    39    25    35     3     7    34    22     3
    31    10     7    41    34    32    32     8    42     6    23    16    33    42    38    34    20    14     6    46
    20     9    26    41    27    43    44    36     2    20    39    15    22     3    28    45    38    11    16    39
    31    46     2    42    41    26     9    46    35    44    15    22     2    11    12     8    36    33    20    40
    27    12    13     5    38    12    13    28    18    19    30    15     6    46     2    16    28    36    10    20
    36     2     8    12    44    37     7    22    11     2    45    44    30    38    22    29    37     6     8    30
    38    17     5    42    33    40    23    46    41    31    45    30     4    38    29    23    36     3    10    32
    46    39    39    36    46    28    10    26    17    25    20    46    38    12    26    22     3    38    28    29
    39    46    38     3     3    22    29    39    19    35     3    13    23    24    26    35     4    20    41    21
    46    35    42    43     2    46    21    30    11    38    34     2    14    14    32    22    10    41     4    43
    18    28    20     2     7    46    19     3    33    40    45    18    27    27    44    43    42    31     4     5
    20    18    16    18    43    41    14    15    31     4    10    15    16    15    39    25    46     5    21     4
    15    24    31    29    10    16    18    44    17    15     7     5    29     7     5    28    31    30     2    33
    30    44    27    11    15    41    42    45    46    43    21     7     5    43    43    35     5    40    28    24
    46    19    24     7     2    45     7     2    40    21    46    36    37     3    41     2     7    25     2    23
     2    43    42    21    10     3    45    10     2    42     2    19    42    22     5    32    23    22     5    20
     2    13    15    24    43    24    22     9    28     2    20    45    16    41    44    38    29    20    44    46
    36    10     2    46    40    40    37    14     7     8    39     2    16    29    14    31    35    18     8    27
    19    38    19    25    35    21     2    16    39    16     5    42     8    40    14    21    39    21     8    11
    25     2     7    39     4    31    17    20    23    44    31    36     3    40     4    46    27     3    30    20
    15    13    44    23    40    17    39     9    35    38    11    20    29     5    34    20    41    28    16     8
    37     2    27    23    22    13     2    40    28    27    41    12    17    38    31     3    27     5    12    40
     5    28     2    25    34     4     5    46    26     2    15    38    14    31    27    14     7    27     2     7
     2    40    33    33    22    37     2    30    37    45    35    45    27    12    24    38     2    45    18    13
    27    23     5    16    35    32    25    17    41    41    24    44    39     2    19    32    13    30    17    30
    21    14     8    34     7    15    43     2    13    36    34     2    19    18    41    32    19     6    26    41
    41    44    44     7    26    42    37    39    35    36    42    37    36    46    24     9    43    17    40    27
    11     8    15    36    30    18    25    13    24    41    33    19    42     2    18     6    34     2    43     3
    46     5    31    32    23     3    29    22    19    22    22    29    37    30    19    21     8    32     2     2
    28    45     3    34    25    27    12     6     2    28    25    30    22    14    46    12    27    33     8    23
    30     5    27    22    17    10    19    32    32    27    35    37    32    10     6    37     9    11    46     2
    15     2    23    43     5     6    25    22     2    13    34     5    45    22    11    32     9     2    20    25
     3     6     8    34     2    33    15    43    27    32    44    34    18    26    42    30    13    42    43    41
    30     5    24    18    43    22    40    21    39    24    10    10    15    30    30     2    42     3     3    33
     2    12     2    17     6    40    29     8    30    33     6    32    33    27    29     2    18    18    16    45
    10     9    28    36    22    29     6    15    12     8    36    43    26    25    16    45    11    23    24    44
    30     5    25    15     4    40    33    23    25    13    18     8    28    15    20    21     2    46    17     2
    30    32    11    37     4    28     4    36    25     3    40     3    30    37    44    29    26    24    19    43
    14    15    25    46    20    27    10     9     9    22    13    30    37     6    11    16    21    38    29    24
    26     7    26    29    24    17    44    14    30    26    29    25    31     8    19    34     2    14     2    28
    26    11    44    36    22     5    30    30    23    41    15    32     5    16    40    15    26    27    42    35
     7    35    30    15    34    39    36    38    12    42    37    24    12    27    38    12    28    44     5     2
    23    11    41    46    26    27    29    15     5     4    29    36    18    20    35     9    46    24    30    35
    14    15    11    25    23     8     4    16    35    33    33    36    27    44    22     3     8     6    21    25
    30     4    36    21    42     2    31    35     6    14    24     9    35     9    34    35    33    23    25    27
    34     2    27    18    33    43    34    22     5     5    27    30    30    14    34     5    39    34     3    37
    12    43     7    39    44    31    35    16    12    17     6     2    14     6    44    35     8     8    34     5
     2     3     2    18    23    19    14    19    45    13    32    19    35    40    12    23     2    23    16     8
    21    12    24    28     2    23     2    37    18     2    13    46    24    18    17     3     5    23    11    27
    10    21    41    15    31    10    21    37     2     5    16    28    24    45    27    46     9    41    30    16
    21     2    40     9     7    19    26    22    44    14     7    43    14    44     2    19    18    17    22    34
    16    10     8    46    11    22    25     6    37    23    19    23     3    12    35    35    15     7    19    30
     2    23    43    11     3    44    44    41    28    45    17    19    20    46    35    39     3    14    20    27
     9    24    37    42    16    23    13    42    12     2    23    29     5    23    32    30    20    35    16    46
    19    14    29     2    38    38    33    22     4    13    35    37     6     2     3     8    33    39    44    11
    26     2    23    11     4    23     8     5    42    12     5    46    42     7     5    33    25    23    18    38
    13    28    28    30    18    30    25    29     5     2    20    34    33    40    21     2    23    16    32     2
    10    37    38    22    14     3    34     9    26    35    35     2    36     2    41    42    10     7    12    16
    44    18    28    38     8    43     8    14    27    25    10    24    46    44    23    46    16    26    44    39
    28    13    33    25     3     2    31    36    17    19     2    28    34    20    28    26     5    15    37     8
    21    32     6    16    10    40    22    23    35    11    21    18    18    43    34    44    12    11    36    41
    43    31    36    16     6    15    36     6    25    13    27    18    14    28    20    31    16    19    33    31
    38    11     7    41    19    17     3    29     8     8     2    41    10    13    36    45     8    24    15    35
    13     4    29     2    46    25    42    38    19    29    12     7     9    11    26    42    27    21    32    44
    33    29    23     5     2    35     8     7    35    30     4    36    17    44     2    39    15    35    30    36
    13    34    14    41    15    22    17     6     2    14     4    40    20    20    34    20    24     8    35     9
    45     8     7    13    30    21    21    37    24    33     2    12     8    38    20    30    43    26     2     2
     7    35    15    12     6    46    38    24    19    13    15     3    15    19    44     3    14    12    27    27
    16    44    44    17    28    14    16     9    34     5    41    27     2    38    31    34     7    43    27    42
    38    37    20     5    27    19    28    29    10    22    12    14    18    27    22    45    29    17    14     3
    27     2    29    15    34    23    23     6    15    31    15     7    27    29     4    16    16    35    13    25
    33     2    34     4     2    24    46    28    25    27    12     5    21    31     8    18     5    46    38    23
    24     9    11    30    17     4    31    38    29    14    23    33    19     9    17     6    19    11     6    37
    35     4     8    23    45    21     2    34     7    23    36    28    26    20     2    18    36    35    40     9
    11    13     4    10    43    44    11    45     9     3     5    40    21    17    45    17    42     2    30     2
    35    13     4    10    44    20     6    21    10    15    44    26    45    13    18    43    28    22    42     5
     5    16    11     8     6    27    22     7    14    29    16    27    32    33     3    38    42    13    11    10
    20    23     2    42    16    12     2    13    17    11    41    38    27    19     2    20    27    10    46    26
    34    24    17    13    27    45    25    35     4     2    39    28     5    20     3     5     2    33    37    15
     4     4    17     9    35    20    10    13     8     9    17    14     2    46    38    23    18    22    34    43
     3    39    23    12     4    17    44    28    29    10    14     7    40     8    16    40    28    18     2    46
    37     2    21     8    18    17     6    13     6    37     2    25    43    12    40    41    14     2    25    36
    18    33    21    42    34     2    40    34    44    17    19    25    43    28    26    29    26    35    14    40
    32    20    20    42    30    28    27    17    42    13     4    23     3    37    37    28    25    35    26     2
    23    19     9    20    40    37     6    38    29    17    19    20    17    27    36    21    44    28    31    21
    40    15    27    26    31    17     2    23    45    26    29    14    45     7     5    13    17    12     8    46
    42    13    30    33    17     6    41    34    43    40    13     9    15    32    36    32    41    31    24    13
     3    38    35     7    13    23    36    46    30    13    17     2    20    22    13    23     2     5    30     6
     2    16     2     8    25    19    40    35    35    40     8     7    39    36    46    14    37     6    41    45
     4     6    23    10    28     4    26    28    15    45     4    40    23     2    41    38    25    38    15    18
    26    24    11    31    11    14    31     2     2    26    33    24    10    23    36     5    15    45    41    40
    19    10    36     2    12     2     3    16     8    15    43    26    23     2    45    44    43    21    11    43
    16    12     4    40    39    43    32    37    18    15    26    22    27    32    44    40    34    40    44     2
    20    43     6     8     2    44     6    11    39     2    40    10     2    11    35    45    16    14    42     2
    18    31    34    25     2     6    39     2    11     2     5     5    33    27     8    11    35    35    41    46
    10     8    32    43     2     4     5    10    24    20    45    41     5    45     2    37     5    43    20    22
     9     8    25    24    27    46     2    46    29     2    41     3    17    14    42    14    38     9    13     5
    32    27    25    11     3    16    43    32     2     5    15    36     6    36     5    22    25    31    33    30
     2    17    14    17    33    36    22    10    27    28    14    27    30    39     2    41    42    17    43    43
     7     7    12    30     9    37    25    31     5    11    18    25     7    28    20    21    31    42     7    41
     8    20     8     9    42    34    43    43    11    39    41    37    24     3    28     2    10    18    39    37
    22    12     3     2     4    35    27    26    44    13    34     9    43     3    31    12    15     7    28    13
    15    40    39    15    28    39     3    24    17    33     2    28    18    24    26    44    46    42    40     2
    32     3    16    10    41    23     6    20    44    37     2    32    30    45    41     4    41    38    19    14
    45    30    41    35    28     2     2     8    32    18    46    26    43    28    28    14     7    13    11    37
    30    22    24    24    26    13     2    27    23     3    14    40    11    46    20    17     5    20    11    29
    13     3    38    34    31    24    14    24    44    27    14     6     4    26     2    43    36    17    15     3
     2     9    12     9    44    18    14    21    10    34     2    26    34     2    41    32    39    13     8    13
    17     5    21    11    40    44     7    13    39     7     5    43     2    17    11     2    34    24    14    34
     2    23    44     9    17    15    42     2     3    29     4    44    35    43    11    37    34    42    13    30
     2    15    32     3     2    18     4    38    18     9    40    41    36     5     3    27    36    37     2    28
     7    43    23    17    23     8    14     3    17     9    45    33     2    14    39     2    23    46    37     7
    31    20     2    22    11    37     4    21    26    20    40     3     2    16    18     7     2    37    31    30
    17    27    17    12    32    11    36    30    11    30    23    26    20    18     8    11    18    26    40    28
    17    39    33     8    11     4    14    18    38    24    39    25     4    43    29    35    11    31    18    27
    17    38    38    32    12    41    31     8     3     3    31     2    34    15    19     2    45    20    29    36
    16     2     4    28    40     2    34    32    12    22    27    35    11    20     3    29     5     2    23    38
    12     7    44    25    27    20    15    29    19    16     2    44    25    16    43     4     4    32    10    17
    29    22    42    14     2    21     7    10     4    10    21    29    38    26    31    35     3    19    21    46
     2    42     2     4    27     9    17     4    10    29    17     7    35    10    32    19    25    27    30    42
    41    36    42     6     5    46    33     5    31    39    12    28    25    38     8    40    10    24    25     2
    13     4    18     9    32     9     2    34     7     8    29    13     2    14     2    27     2    30    29    12
    14    13     3     2    39    26     2     7    24    17    24    33     2    31    41    12     2    36    39     3
    31     4     7    43     2    41    31    18    13    19    31    46    45     7    29    26     5    37    24    27
    12    38    15    40    10    41    37     5    22    21    41     7    27    22    39    24    46    20    30     2
    30    38    33    22    14    46    41     7    33    24    12    35    37    33     2    18     6    15    36     8
    46    38    15    21    35     4    34    44    40    37    26    13    32    22    44    45    28     9     8    15
    27    43    16     2    25    33    24    17    34    11     8    31    19     4    20    36    46    27    33     9
    34    12    28    24    35    14    39    12    28     4    36    35    19     2    11    18    21    32    44    15
    16    23     2    45    25    32    44     8    14    35    37    39     6    18    14     2     6     7     2    37
    42    38     2    40    25    19    33    35    30    22    24    46    23    27    13    15     2    25    15    37
    38    11    22    34    12    24    33    32     9    33    15    24    11    41    13    34     4     4    38     5
    25    38     9    18     6     2    19    29    22    18    25    31     2    16     2    30    43    24    11     7
    20    33    21    20    38    42     7    37    15    26    21    13    18    17    10    18    19    41    36    40
    35    30     8    16    13    26     8     8     2    17    44     4    20    33    17    46     3     5    31    12
    20    33    35    37    46    13    35    22    17    37    35    46    20    36    11    13    27    20    36     6
    38    35    40     3    43     7    14    10    40    12    28    29    31    21    18    46    13     4    46     8
    14    30     4     2    22    29    36     2    39    44     8    37    29    14     4    44    35    34    22    31
    22     5    29    22    24     2    19    37    45     5     7     2    37    42    10    17    38    28    33    30
    42     2    10    38     2    37    21    40    12    11    15    40    10     2     6    11    30    29    19     7
     2    15    41    31    39    42    27    11    28    37     7    12     5    41    35    43    23    20    42    16
    31    11    31    15    28    36    12    13    10    13    38    22    21    29    30     3    33    30    42    33
     9     5     2    30    45    40    38    28     2    16    39    40     8    23     2    22    45    20    43    32
     8     8     2    46    12    17    15    40    27    45    21    15    31    16    24    22    20    11    22    33
    24    25    33     7    12    18    40     2    13     4    31    35     2    20    37    34     2    26    29    28
    21    45    26    37     2    29    30    37     2    33    10    46     2    45     9    13    24    39     2    29
    38     6    43     7    19    14    42     8    18    19    21    27    27    27    28    22    35     4    10    21
    14     2    44    30    12    21    29    38    26    14    12    45     2     8    42    22    18    24     9    14
    23     9    44     9    13     9    45     2     5    16    46    44    24    33    42    36    26    24    41    16
    45    14    26     2    46    19     2    34     2     9     8    26    35    37    10     9     3     2    23    25
    21     6    19    31    44    10    43    31    16    14     8    45    12     2    12    15    37     8    10    18
    28     2    24    33    34    38    17     6    32    22    16    20     3     5    17     8    11    20    15    21
    23    14    23    38     6    39    11    30    22    40    25    34    34    34     9    37    28     3     3    26
     7     7    12    32    15    44    23     6     9     6    27    28    34    25     7    15    18    22     3    28
     3    13     2     2     3    35    34    33     8    39     9    27    14    31     2    35    34    38    16     6
     4    19    38     2    18     2    36    22     3    37    36    27    37    23    34     2    43     7    38    24
    22    18    18    36    13    28    25    12    25    16    27     4    24    31    10    35    27     4    13    41
    33    43    11    30    33     8    22    32     9     4    10    17    38    37    18    34    42    10    29     9
     2     2    37    34    15    30    46    11     2    13    41    19    29    13    39     2    13    22    37     2
    23     7    21    14    22     9     6    16    20    34     4    32    33    12     2    44    10    17    27    26
    42    16    32    33     2    40    33    41    33    34    26    43    11     4    43    18    33    15    15    41
    37    26    18    35    25    43    43    45    11     9    33    19    17     6    40    26    33    10    11    43
    14    19    22    18    35    12     7    23     2    46    39     8    46    14    26     7    12    35    38    17
    19    41    37    26    20    36    12     9     2    31    46     2    11     4    38     9    34    23    33    36
    18    21    22    33    28    30     2    37     5    44     2    14    30    28    32    43     7    28    22    22
     2    18    18    13    14    15    16    17     2     4     4     2     2     9    13     5    28    19    44    23
     2    33    34    12     7    46    15    21     9    41     6     2     7     2    30    38    46     3     5     5
    37    24    33    33    43    28     3    15    26    31     9    27    43     8    14    31    11     2    40    25
    14    23    19    23    21    46    29     2    32    40    40    18    45     7     9    21    23    40    20    16
    37     8    30    22    29    44    23    10     3    30    30    41    29    26    35    23    36    15    26    28
    35    22    26    42     2    35    10    11    36    38    39    29     2    33    37    38    26    19     6    21
    44    39    31    35    14     2    34    32    40    22    21    44    27    18     7    14    15     2    25     3
    44    25    32    10    11    22    28     5    46    14    40    25    25    43     2     4    25     8    38    23
    30     2    44     4     4    34    35     8    12    23    29    40     7    13     2    10     2     9    29    16
    43    44    24    46    39     4    16    34    29    18     3    13    22    34    22     4     2     2     4    17
    46    38    20    44     6    30    45    20    18    17    24    32    43    46     2     2    21    40    38    41
     2     2    12    36     2    17    42     3    30    46     2    37    29    14    16     2    34    41    36    11
    33    14    27    19    24     6    28    32    43     8    12     5    36    10     8    32    37    36     5    42
    21    31    18    40     7    11     2    23    41    40    40    30     3    36    31    20    34    12    17    17
     2    21    25    10    41    45    33    16    14     6    36    14    14    27    35    27    42    21    38    24
    28    15    31     9    29     8    10    41    20    13    13     3    39     2     2     3    20     3    42    10
    32    16     5     8    41    38    15    38    41    17    45    46     2    28    11    13    21    43    32    42
    43    40     3    30     2    44    12     7    43    32    27    36    15    18    32    34    18    27    22    40
     3    41    39    26    12    11    38     2     5    16    31    19     4    33    18    14    26    40     4    46
    30    40    45    35    44    16     3    23     4    19    25    30    14     8     2    13     5    42    40    31
    22     3     2    39    42    46    18    12     8    36    17     5    11    20    15    22     8    42     8     5
    36    17    43    13    21    44    21    16    39    11    14    45    14    17    10    20     2     9    12    41
    28     9     8     3    35    31    27    44    17     2    19    41    41    38     5    22     7    27    21    21
    19    16    22    18    44    18    43    27    12    29    10     2    20    17    41    33     2    42    41    28
    20    11    19     3    26    13    18     6    46     2     8    15    10    21    35    11    30     4    13    19
    20    10    34    12    33     2    29    17    13    13    30     3    24    43    14    10    12    34    22     8
    42    27    28     3    25    27    38    32     9    33    18     7    45    11    29    20    31    34     9    44
    23    11     4    41    28    23    38     2     5    26    15    46    16     5    33    18    28    40    18    39
    46    42    31    38    35     5    20    36    40     8    30     6     4    45     3    45     2    34     5    24
     8    36     5    22     9    14    13    15     2    32    37    33     9    44     3    18     8     7    11    29
    13    11     7    26    21    11    19    37     6    13    44     2     9    21     8    22    16    16     6     5
    34    29    37    19    23    35    21    13    23    37    19    39     2    11     7    11    38    26    18    28
    12    21     4     5     2    46    34    18     2    15    24    27    15    18    40    19    25    27    23    23
    10    27    31    21    32     8     6    29    21    43    29    32    31    20    30    32     2    33    23    31
    25    24    25     8    13    31    10     2    12    12     4    17    40     9    21    27     4    20     9    24
    40    42    18    30    27    15    20     7    33     6     9    11     3    18    38    30    16    19    14    40
    25    12    14     5    35     9     2    46    12     5    41     7    16    20     4    40     9     2    21    38
    18    26    21    29    11    36    42    35    35    15    31    15     4    10    23     2     2     9    21    13
    29    38    11    21     5    21     9    24    37    41    24    23    10    28     6    20    38    21    28    45
     3    30    22    10    10     8    12    17    44    39    25     2    29    25    39    46    36    25     9     4
    38     3     7    38    14    41    26    32    37    29     2    32    24     2     3     2     9    24    18    16
    15     2    21    35    35    45    31    46    17    46    42    30    28     3    16    27    15    28    31    18
     2     8     2     5     2     9     7    32    23    12     7    25     8    37    21    25    35     2    38    29
    25    44     7    17     2     7    27    25    29    43    15     6    17    12     2    19    26    46    31     5
    10     9     2    34    43    32    19    12    38     2    23    29     4    41    36     2    33    28    38    35
    46    40    17     2     2    44    11    30    20    27    41    14    36    44    29    21    29     4    43    12
     8     6    12    22    19     3     2    29     2    45     5     4    28    43    26    19    33     7     6    31
    30    29    23    16    35    38    34    38    11    12    31     9    25    22     2    16     6    11     3    37
    35    22     2    29    37     8    39     2    18    13    19     2    10     7     5    35    41    24    38    26
    19    42     4    45     4    46    43    18    23    41    42     2    26    42    46    32    38    46    17     7
    43    13    45    17    33    14    27    20     6    13    44    38    40    14     7    45    31     4    27    24
    17     8     8    35    32    19    12     9    22     2    39    21    22    40    39    19    23    43    13    43
    29    38    23    20    10    25    24     8    35    40     8     2    25    26    34    35     6    16    43    22
    13    37    41    39    24    12     9     6    34     2    44     2    21    34     9     5     2    45    31    25
    19    24    27    37    19    42    46    11    31    43    40    33     7    23    37    42    46     6    33    31
    42     3     2    11    28     4     3     5    30    15    21    21    31    24    10    24     6    17    15     7
    41    35    11    22    21    36     6     2    23    43    30     8    16    41     6    28     5    23    28    46
    35    44    46    39    15    10    32    29    32    17    39    39     6     8    12    29    15    43    28    36
    22    11    25    28    39    18    10    14    11    33    39     9    30    29    12     3     2     8    29     2
    10    44    45    18    44    44    45    14    17    26    36    37    31    29     3    42    45    32    23    46
    18    16    37    10     7    43    21    20     6    34    39     9    25    13    21    36    21    43     4    46
    35    23    42    22    19    44     6    28    38     7    36    26    34    11    26    33    21    30     4    27
    39    19     2     6     6    43    42    41     8    42    39     6    18    10     2    32    45    39    42    44
    15    12     7    33    44    29    10    29    35    11    17     2    32    35    23    27     2    46    17     5
    24    35    27    23    43    44    32     2    16    20    32     7    29    30    14     4    13    14    24    26
     7    35    14    17    30    46    17     2     4     2    16    10     5    42    11    46     9    19    17    20
    34    40    41    40     5    31    39    16    24    16    30    26     5     4     3     7    36     2    22    29
    17    17    10    20    18     2    17     2    32    31    15     4     6    36    36    41    20     2     5    44
     2    40    35    13    36     6     2     5    23    45    10     2     5    25    28    16    39    43    46     6
     2    23    15    39    29    28    41     2    31    15    45    11    23    18    39    20     9    24    39    33
     2    23    35    25    36    17    15    27    27    20    31    39    29    29    36    27    40     5    30     6
    40    18    27    37    40    19    13    18    14    36    36    27    32    43    12    37    31    31    34    21
     4     2    16    30    14    33    26    28    25     3    14    33    45    45    25    26    20    23    18     4
    25     4    20     3     4    40    34    40     5    39    15     2    25    39    35    12     8    17     9     7
    23    13    27    34    17    43    35     5    35    29     2    32    37    18    35    41    11    40    32    20
    45    44    36    14     8    28     5     2     3    45    12    39     8    23    19    26    35     3     6     2
    43     5    10    10    23    46    20    34    12    30    23    35    19    30    11    45    34    33    11     5
    21     7    18    39    20    14    27    20    13    46    20    20     8    13    44    39     3    31    20    30
    13    28    21    37    23    28    32    25     5    16     2    32    19     2    13    33     3     2    39    42
    12     2     7    34    38     4    41    16    28    29     7    39     2    20    18    26     5    19    23    10
    34    34    42    18    14    21     2     4    41    23    36     2    45    10    43    13     2     9     7     6
    18    29    31    17     8     2    29     2    15     4    30    34    42    29    29    43    43    11    12     4
    31    28    32    30    45    42    17    10    13    36    18    30    17    25    37    22     7    15    17    34
    45     4     8    12    35    17    37    29    31    18    36    36    10     9     8    34    15    41    20     6
    15    24    44     8    45     7    22    15    15    10    21    41    17    24    16    46    40    27    20    21
     6    43    28    40    25    20    32    28    12    18    21    12    43     9    27     4    27    23    24    18
    18     5    33    46    15    24    15    14    25    37    17     6    46     5    42    19    27     2    34    25
    17     2    31    15    25    33    12    21    21    17    33     4     2    12    22    27    36    26    15    20
    18    30     8    12    38    41    21    34     4     6    19    36    22    14    11    20    34    23    46    16
     8    19    15     4    27    32     2    39     2    45    16    12    40    39     4    21    33     3    20    23
    44    42    46    10    12    42    29     2    46    25     4    45     6    46    45    46     8    31    45    46
    24    45    34    34     2    24    45    31    17    46     2     5    38    40    18    24    37    39     9     2
    45    23    44    17    17    21    39    24    42    25    25     2    38    16    26    30    33    13    23    13
    42    45    38     5     6    35    33    21    27    12    32    44    42    42    17     2    18    35    16    30
    38    19     9    39    20    12     5     5    24    39    24    40    16     8    27     9    41    23    17     4
     2    42    32    21    10    10    24     2    14    35    14    13    16    43    22     8     9    31    46     5
    43    34    30    26     8    33     2    14     9    18    27     8     2    26    37     2    24     2    25     8
    11    37    33    16     8    35    14    22    32     8     6    29    42    14    27    20    27    38    15     2
     2     2     7    31     4    20     2    26    31    38    25    34    39    13    46    20    24    23    33    40
    24    18    11    34    44    25     2    15    44    11     2    45     7    23     4    12    29    41     2    40
    13    42    38    18    38    38    20    37    46     7    46     7    14    20     5    37    18    33    16     2
    30    41    26    21    27    39    45     2    43    46    35     2     2    30     9     8    10    34    43    12
    17     8    35    26     2    38    44    19     5     5    27     2    32    16    42    18     2    42    37    12
     8    35    22    26    20     9     4    35     6    40    40    31    14    41    39    45    43     8    32    17
    46    24    37    32    40     2    17     2    44    20    36    34    32    43    17    36    30    39    34    16
    26    19    34    37    44    18    39    43    24    23     4     6     2    29    39    43    27    18    45    10
     2     9     9    30    34    31    26     3    37     4     6     6    45    19    30    17    37    14    25     2
     7    26     4    16    40    28    36    19    14     3    30     4    33     8     2    16    24    31    36     2
     5    18    13     7     6    44    19     5    30     2    22     7    28    31     2    14    37    30    21    31
    22    35     2    28    32    37    12    35     5    40    40    35    38    22    27    42    28    19     3    44
    10     8     2    43    42    15    29     7    46     2    11    40    33    36     6    13    21    25    15     2
    30    16    19    22    15    11    10    25    38    16    31     2    11    19    46    44    44     2    25     6
    14     8    19     6    13    37    22    14    11    29    29     2    11    18    16    25    30    28    22    28
    46    38    14    18    31    27    23    22    42     5     2     7    34     2    15     6     6    40     7    37
    34     3    16    30    13     4    44    22    26    25    19     2    46    36    36     9    40     2    27    22
    20    13     7    35    29     5    34    39    11    38    24    37    22    16     2    44    14    37     6    41
    34     2    33    43     6    14    40    23    38    42    11    11     8    33    43     9    15    46    25    24
    10    46    26    14    30    14     6    20     7    24    39     3    22     4    46    11     2    10     2    42
    26    21    38     9     9    32    46    23    34    42    24    42    43    28     2    34    17    36    46    12
    30    42     2    37    25    15    26    11    41     5    29     3    25    13    46    35    29     7    22    27
    37    34    13    41    43    22     3    43     6     3    39    33    29    23     6    44    26    28    19     3
    36    26    34    38    11     2    45    18    24    27    46    19    17    13    30     2    10    24     9    43
    14    23    32     2    15    14    21    35    40    12     5    41    18     3    14    31    34    25    29    37
    14    44    10     5    10     9    32    20    34    41    12     2    36    36    25    18    11    19    15    35
    25    10    44    31    34    17    26    12    46    40    40    29     6    35    15    46    24    46     4    26
    22    37    33    18    37    43    26     4    19    20     3    29     2    35    30     6    13     7    25    33
    13     3    44    22     5     4     7    41    44    18    23    22     9     8    14    46    17     2     2    24
    18    31    10     2     2    44    44    14    35    24     9    32     8    39    46    44    46    15    39    39
    18    39     3    27    12     2     2    42    35    19    34    24    17     4    27    40    45    17    14    16
    32    44    39    46     6    13     3     4    45     6     5    22     7    14     2    18    35    45    33    44
    17    32    44    18    11     5    45    43    11    35    20    43    37    22    28    10    26    15    28     4
     6    39    32    14    23    45     2     2     2    23    18    26    39    22    32    37    44    34     2    15
    27     2    31    13    14     5    41     4     5    21    40    26    31    11     2     2     2    10    25     7
     2    40     9     9    10    29    13    30     5     2    22    22    21    16    26    46    36    19    20    40
    17     8    28    24    27    14     7    27    44    29    18    25    35    42     7    21    14    43    16     2
    37    36    15    32    37    14    21    36    39    44     9    33    25    46    42    31    35    26    26    30
    45     2    36    29     3    23    29    44    38    39    20    17    20    32    24    43    19     4    27    13
    39    35    42     2    12    35    37     3    24    33    31    30    25    24    12    38    26     4    37    23
    46    44    43    19    14    31    20    20    43    13    33    16     9    23    27    20     7    32     2    33
    29    31    25    36    21    30    37    12     7    28    13    12    30     5    36    25     8    21    44     8
    10     3    37    20    33    39    13    34    39    43    43     2    20    39    40    34    43     3    30    32
    12    12     2    37     3    12     2    43    40    26    30    23    11    14     5    42     2     4    15    35
     7    21    30    39    18    37    37     2     8     4    26     2     3    37    29    45     4    39    38    28
    31    23     2    28    46     7     2     6     8    44    24     4    32    34     9    25    14    16     2    18
    36     2    15    15    13    20    37    28    14     6    14     4    15    35    36    23    11     9    26    27
    21    46     9    38    27    42    29     6    39    45    29     8    18     5    28    33    23     2    24    46
    36    30    38    30    41    30    12     5     2    26    46    27    27     6    26    40    34    45    38    27
     5     2    11    25    27     3    23    41    21    30    21    40     2     3     6    21    38    34    19    41
    24    22     2    22    28    45     7    34    30    33    39     5    18     6    22    20    24    18    16    17
    21    43    37    24    13    30    42    42    43    16    42     6    39    17    12     6    22    29    41    39
    44     4    45    36    30    30    24    29    44    27    37    14    34     3     5     2     4    21    40    10
    13    25     8    17    30    10    39     2    43    28     2     2    19    37     5    38    19     2    45    24
    20    22     4     5    37     2    37     6    46    31    21    10    31    46    34    29    38    40    44    16
    40    14     4    13    30    43    42    30    14    14    18     5    26     9    36    31     5     5     3     7
    36     2    17    27    37    29     3    31    19    46     9    43    39    30    41    26     3    25    30    16
     2     5    11    36    35    16     4    46     2     5    34    10    29    31     3    21    14    43    41    44
     2    10    28    44    21     2    35    23    12    29    21     3    43     2    32     2    23    18     9    43
    44    36     2    10    34    26    36     9     8    38    11    32    34    12    42    12    10    41    31    24
    46    42    18    31    37    11    28    21    43    38    16    40     9    21    25    19    10    34    21     6
    25    19     6    42     6    14    43    43    21    43     8    36    42    34    24    46    33    13    41     2
    28    36     4    24    10    30     6    37    20    37    25     6    10    37     7     9     7     3     9    25
    20    35    17    41    36    17    40     4     4    35    39    18    25    38    29    16    23    44     3    42
    30    44    34     3    42     9    22    16    24    45    19    40    40     5    24    32    37    36     3    21
    10    28    13    32    33    45    15     3     7    14    41     6    31     3    21    13     7    12    45    35
    17    25    14    25    22    43    35    37     3    43    26    27    29    37    14    14     9    17    31    14
     2    39    25    41    15    20    34    31     8    21    28    21    33    44    28    33     4     2    21     6
     3    24    23    12    19    31    21    15    16    32    41    45    19     2    20    17    16     2    32    32
    39    10    41    43     9    26    30    22    43    11    28    43    24     2    23    38    20    41    25    39
     5    39    36    13     3     9    31    32    13     7     9    25    23    33     2    25    44     2    41    27
    45    41    10    30    46    31     7    17    36     2     2    33     5     9    31    30    30    18    16     2
    25    38    25    18     2    35     7    11    25    39    20    41    27    19    15    22    45    44    22     3
    37     9    39    30    14    10    17     7    15     2    38    36    41     2    40    11    37    38    35    25
     4    46    22    21    26    20    29    27     2    43    14    15    29    35     6    46    12    16    40    21
    33    24    23    10    38     3     2     4    43    24    17    23    40     4    13    41    43    11    33    39
    16    23    39    22     8    36    12    22    15     2    31    17    23     9    23     2    29    20    13    28
    27    33    10    28    44    13    21    17    11     5    25    19    27    33    24    40    14    12    40    36
    35    36    33    44     5     3     8     2    36     2    16    11    41    39    38    32     2     2    19    31
    34    30    14    17    36    19     9     4    18     5    30    40     5    10    16    13    27    16    13    19
    18     5    41    19    40     5    29    38    46    13    16     2    40    19    24    12     6    11     2     8
    32    16    27    27    14    23    14     2     2    15    20    43    46     6    40    25    21    36    30    45
    27    29    11    45    40    46    21    38    31     3    37    32    39    11     2     6    33     6    29    34
    46     9    15    28    25    35    29    37    33     7    38    33    19    24     2    30     2    28    34    15
     4    38    32    29     3    36    19    36    21     6     2     6     2    25    30    27    21    44    17    28
    13     6     3     7     2     2    28    27     5    23    45    15    44    18    45    13    18    12    13    43
    31    39     4     3    41    16    42    37    35    16     2    41    18     4    18    42    13     7    11    37
    39    38    14    43     8    13     2    10    30     7     7    43    10    19    41    12    10    31    21     4
    45    42    17     9     5    36    21    24    31    44    20     5    11    35     4    22     8    29    46    27
    36    30    33     7     2    18    38     2    43    21     9    43     3    14    15    14    18    19     5    13
    30    10    27    36    27    23    31     2    40     8    44     2    17    22    32    37    29    17    25     9
    29    15    38    15     3    10    15    13     2    27    10    12    14    28    22    36     2    13    24     3
    40    19    44     2    21    26    10     5    38    10    26    22    36     7    29     4    33    20     3     6
    35    36    34    45    15    44    24    10    44    15    38    39     2    33    44     7    43     2    39    34
     3    42    16    45    17    46     2    14    20     2    25    25    44     2    16    24    20    18    17     4
    33    10    38    43     6    13    19     6    30     9    22     8    26    37    19    27    17    30     2    44
    27    44     9    27     9    32    17     5    18    42    23    15    45    20    17    42    38    33     2    42
     6     2    22    16     9    30     6    39    13    34    36     2    22     7    39    18    31    39     6     2
     2    35    26    10    14    17     8    41    16     2    14    40     2    18    20    29    45    14    35    14
    12    14    19    26    42     2    18    40    46    27    40     2    44    27    12    15     2     9    39    43
    15    36    33     2    26    16    15     9    23    34    23    44    44    14    17     2    33    34    27     2
     2    42    16     8    46    46    19    38    19    26    20    27    10    29    32    24     2    34    33    29
    34     4    24    40     2    14     9     2    46    36    36    29    36    23    42     3    30    22    32    31
    37    45    25    46    13    46    17    15    27    39    28    38    25    40    31    17    46    40    24    35
    23     7     2     2     6     2     6    44    40     7    14    20    11    45     4    23    28     9    22    35
    19    42    19    25    25     2    33    16    32    23    44     6    29    13     9     9    30    33    39     3
    17     6    43    16    19    24    22    10    33    17    11     2    41    37    32     4     2    46    31    13
    46    22    10    10    33    28    11    45    29    41    38    12    12    36    44     2    36     7    25    45
    23    39    43    28    26    22    39    32     2    27    10    17    40     7    37     5    45     2    26     5
     9    11    33     8    45     8    20    35    37    15    10    16    38    42     4    46    17    12     2    46
    46    24    19    10    28    43    25    28    27    37    34    37    36    24    17    10    37    17    16    39
    42    38     4    16    24    11     5     4    36     6    15    33    16    39    44    12    37     6    45    31
    20     8    26    26    32    31    37     5    25    22    34    17    41     9     2    30    10     2     2    27
    37    18    37    26    46    32    11    23    31     3    39    37    17     6     5    14    33    37     2    41
    11    45    33    26    29     2    46     5    22    36    38    33    41    38    43    17    14    11     2    45
     8    33    26    17     3     2    46    30    29    20    36    43    33    18     5     7     5     3    27    25
    23    21    29    35     4    14     4    10    34    25    34     3    12    29    18    16    45    20     4     2
     8    23    32    41     9     7    34    38    28    12     2    20    16    30    44    12    21     2     2    22
    20    17    18     3    21    18    39     2    23    46    23    35    12    46    29     7    25    27    24    25
    43    19    36     9     2     7    37     2    19    36    10    13     8    20    44    22     8    36     9     2
    30     2    45    18    14    14    11    31    41    36    40    16    14    25    22    16    23     2     7    17
    26    28    45     7     2    32    16    15    28     3     4    30     8     5    29     2    10    35    25    31
    41    37    30    14    46    24    42    21     3    33    17    39    12     4    45     6    19    35     9    20
    31    22    37    36    32    22    20    19    33    20    17     2    13    12    36    33     2     3    12    21
     6    30    19    43    17     5     6    38    22    20    15     9    21    36    46    28    19    27    36    28
    17    19    30     2     8    14    14     4    33    11    37     3    10    11     2    37    15     3     7    10
    25     2    18    27     7     4    36     2    10    18    30    45     3    25    13    18     6     6    11     7
    28    33     2     9     6     2     2    27    17     6     6    46     2    17    45    40    37     9     6     2
    33    19    46    36    40    24    10    23    34    21    39    10    40    43     7    15    35    27    12     9
    33    31     9     2     9     7    24    37    34    34    32    34    38    36    19     8    26     6    31     8
    22    30    24     9     9    40    17     9    15    36    40    33     4    15    43     8    14     5    23    39
    11     5     2     3    16    38    42    37    34    37     8    35    46    19    45     9    19    14    41     3
     3     2    17    24     2    43    31    30    22    13    35    40    37     2     7     5    34    23     7    41
    37    14     2     6    36    14    17     2    28     9    27    23    42     9     8     3     5    18     2    19
    40    38    13    35    25    14    23    20    39    16    13    11     5    42     4    44    42    27    25     7
     2    15     3    18    10    20    25    38    42    24    22    36    18    26    20    13    12     6    19    22
    29     2    28    31    21    38    35     4    17    23    11    12    40    10    20     9    12    33    11    44
    36     2    22    43    38    27    46     6    34    32     3     2    41     2     4    34    15     9    20     5
    46    24    20    30    10    40    15    38    45     3    10    36     3     2     2    21    32    38    42    26
     6    25    22    27    44    43    40    44    19    21     4     8    26    40    30    30     2    18    16    41
    19    22    37     3    17    11    10    24    13     4    10    46    24    41    25    37    17    36    40    43
     2    41    29    23     6    38    24     3    22     2    10    26    44    33    13    17    32    46    23    14
    32    26    16    21     9    16    41    22    39    21    46     4     6    43    35    26    25    23    10     3
    15    37     4    10    24    41    40    38    45     7    26    22    46    28    35    25    44    44    34     7
    44     6    29    28     2    32     3    18     4    41     7     4    44    42     2    31     5    20    43    34
    35    31    40    43    41     2    17    36    11    21    24    27     4    46    10    11    44    41    19    16
     2    27     8    11    18     5    13     2     2    20    41    44    22    43    46    13    15    39    36     7
    18    33    37    35     6    23    38    22     9     6     2    32    19     7    36    18    11    44    34     6
    22    20    45    30    10    22    20    38    29    23    32    16     8    28    23    25    26     2    21     5
    44    19    32    32    45     3    20    23     5     7    44    13     9    21    21    22    39    33     4    18
     8    15    19    41    22    15    13    33    13    18    45    21     2    29    26    14    17    41    26    14
    21    33    16    33     9    33     3    16    46     8    43    11     7    38    25     2    22    46    20    24
    38    33    37    37    12    45    38    43    35     5     2     9    42    38    13    25    29    26    23    14
    36    16    17    44    38    10     5     7    36    21    21    21    32    21     3     3     7    28     8     6
    31    43    32    36    19     4     8    26    25    45     8    37    21    20    10    41    37    35    20    46
    14    32    22    17    22    34    12    18     3    25    24     5    40    24    13    10    37    42    33    16
     5    36    22     2    32    10    28    45    12    12    29    41    18    30    46    15    23    15    20    37
    28    26    10    22    29    23    24    16    18    39     9    36    30     5    28    16    34    28    31     8
    26    15    27    26    12    17    13     2     4     2    10    10     4    21    20    25     2    46     3    23
    14    45     3    20     6    36    33     2    37     6    10    23     6    18    34    30    37    13    19    18
    39     2    12    19    13    11    41    45    20    32    21    31    12     2    40    44    43    45    25     5
    33     7    24    40    27    33    33    35     9    38    25    36    37    13    17    46     5    25    36    41
    15    44    40    24     2     9    31    41    42    32    41    11    21    25     2    26    46     2    25    36
    23    33    20     2    26    10    39    15    29    37     6    20     6    30    11     9    35    38     2    16
     2    14    37    15    14    19    16    24    29    21     2     5    11    13    22    36    34    19    41    20
    11    20    31    43    20    26    21    25     7    25    30    12    10    28    32    27    33     6    11    37
    10    20    45    17    44    38     9    43    18     5    15    18    38    12    36     3     9     3    14     5
    38    22     2    17     6     2    44    20    23    15     2    26     3    31     9    37    37    43    46    31
    39    21    18    26    24    11    26    10     2    32    31     6    34    12    23    23    34     2     2    30
    27     7    38    15     5    39    41     2     8    46    45    32    21     8     9     2    27    20    10    30
    33    16     4    13     6    44    14    42    11    25    37     9    25    23    27    19     4    39    17    39
     2     5    45    22    16    35     5    14    43    33    29    37    27    27    36     8     2    22    17    38
    42    35    24    45    24     4    26     2    17     8    35    19    26     2    28     8     8     2    24    15
    28    29    25     9     6    40    14     8    33    19     5     9    26    26    33    10    45    37    41     2
    19    14    46    18    39     9     3    33    27    25    38     2    28    17    41    35    10    35     2    15
    32    25    35    31     6    42     4    12    12    20    14    43     2    45     2    29    41    35     5    24
    34    45     9    42     4     2    36    10    23    24    28    17     2    36    41    37    39    15    22    27
    24     5    33    21    32    35    14    43     8    21    42    15     3    36    11     2    14    16    42     2
     2    32    24    27    19    26     7     8    10    44    36    18    15    25    21    36    25     5    29    35
    24    36    44    32    42    22    30     9    19    40     7    45    12    33    25    21    24     4     7    17
    21    25     2    45    29    42     3    16    17    46    26    12    34     4     8    19    27     2     3    43
    15    42    10    12     3    40     2     9    16    46     2    18     3     8    25    27    22    38    45    39
     2    18    17    32    38     9    41    38    40    19    22    25    41     5    17    12    36     4    43    38
    19    37     5    21    18    20    24    41    27     9    40    18    41    41     9    43    28    41    29    35
    23     7    32    40    37    42    45    22    42     2    23     4    27    20    36    43    35    22    15     5
    20    32    40    11    28    45     7     8    12    22    20    38    33    21     5    15    12    24    35    46
     2    12     3    21    45    18    16    30    39     2    31    31    27    18    39    45    25    21     3    32
    26    34    33    17    16     2    45    37    16    37    31    45    24     5    15    15     2    43    43    19
    41    40     7    10    38    42    44    31     2    34    10    46     5    33    24    29     4    32    12     2
    41     4    12     2    28    36    32     2    24     6     2    34     3     2    26     2    11     8    32    18
    12     2    27    11    25     9    10    24    33    44    22    12    39     7     5    26    12    24    44    41
    45     6    44    31     2    29     6    19    37     3     2     7    12    25    44    16     2    25    24     6
    39    40    34    12    43    13    14    17    22    35     2    13    20    18     8    20    32    31    36    20
    22    13    26    43    31    44    29    43    29    31    34    21    14    42    11     2     8    32    36    32
    46     5    39    39     2    34     2     2    16    20    26     8    34    42    35     3    36    36     2     9
    11    14    13     6     2     2     2    22    10     2    16    45    26    34    21    33    11    14     2    45
    15    35    35    15    13    34    33    39     8    24    44    29    28    11    15    44     2    30    36    33
    35    38    43    26     8    46    37    13    11    38     9    42    14     2     2    10    39    28    19    13
     5    13    42     7    26    33    34    28    37    20    43     2    28    36    13    43     3    12    43    29
     3    45    33    33    30    22    31    19     2    46    24    32     7    41     2    22    15    20    44     8
    40    27    19    25    36    26     5    20    14    23     2     2     7    24    44    46     2    18    29    32
    46    11     6    14     2    14    32    42    24    44    20    17    21    20    33    12    20     4    39    45
    23    44    17    21    37    31    13    45    27    40    11     6    45    12    24    20    23    11    14     8
    36    36     2     2    17     2    29    14    26    37    21    11    42    11    45    11    33     9     2    30
    22    26    38    22    30     9    34     9    24    19    42     2     4    27     7    35    38    44    18    13
    15    42    20    20    38    43    34    39    46    22    15    32    39    25    38    17    29     2    19    14
    13    36    46     3    39    32     2     2     2     2    22    12    29    33    42    36    10    13    30    30
     8    17    22     2    30    15    28    13    18    44    42    13    38    14     6    20    36     6    15    36
    46    17    36    13    14    37    19    31    29    44    31    43     5     6    44    35    14     2    11    21
    26    39    39    39    22     2    29    27    30     2    26    25    13     9    28    45    42    10    19    27
    29    22    19     7    32     2    19    44     4    16    17    38    31     2     4    25    25    25    32    16
    16    23    13    34     2    40    37    34    46    41    11    11     4    23    22    43    28     5     6    42
    14     3    37    23     2     7    36    21    15    13     7    15    40    43    10    22     4     5    37     6
    29    30    12    46     4    44     4     8    45     2    29    37    16    42    30     3     2    23    11     8
    23    43     2    35    23    29    27     7    45    42     3    14    43    37    23    23    32    23    20    46
    34    38    32    33    34    41    46    25     2    28     6     7    32    14    25    31    18    31    23    15
     8    19    20    10    29    46    13     5    22    39    42     7     2     4    32    17    15    26     5    22
    42    34     5    16    18    37    18    34    14    18    21    43    22    46    28    25     2    15    27    46
    39    22    14    10    22    33    35    45    25    40    43    40    13    19    38    21     7     6     8    10
    38    44    12    29    28    19    28    18    26    40    34    45    38    14    12    30    45    19    39    15
     4    12    17    29    17    38     4     9    28     3    23    26    40     3    37    35    30    45    31    41
    39    12     2    10    44    26    11    11    45     4    24    27    42    43    32    25    46    38     5    19
    45     2    34    17    38     7    18     2    25    38    17    40    10    26    40    39    29    30    21    26
     3    23    27     6    19    22     6    26    14    35     2    16    43     2    28    37    22    43     2     2
    27    39    25     6     2     7    31    16    44    32    30    20    25     5    38    29     6    11    17    30
     9    33    23    45     5     9    38    11    39    23    39     3    34     9    23     7    46    33    38    41
     9    28    18    34    15    31    26    34    21    19    39     5    13    14    33    10    26    35     7     2
    11    23    46    40    37     5    19    38     2    14    30     7    14    10     9     8    28    11    35    17
    21     6    13    16    21    37    35    46    29    27     4    10    23    29     3    31    28    21    38     2
    33    14    40     5    23     2     7    32    19    40    18    22    31    16     2    22    26    31     6     7
    25    16    11     6     6     8    36    32    38    32    37     3    45     2    14    15    27    45    23     4
    17    33     7    22    43    12    41    13     5    45    13    42    45     8    46    38    44    33    17     4
    45    27    18    10    38    40    26    20    14     6    24    45    36    17    46     2     2    39    12    19
