    13    14    26    22    42    28    13    29    33    15    13    39    27    21    13    42    33    18    22    38
    13    39    31    39    29    43    23    26    13    16    26    20    22    23    40    20    38    20    43    21
    38    14    31    15    43    13    17    21    31    28    41    40    40    15    41    39    17    21    27    13
    26    42    42    31    39    30    39    41    15    14    25    28    42    14    14    23    17    17    13    42
    43    16    26    20    17    43    33    16    13    42    30    24    13    34    17    38    17    31    24    32
    26    15    39    26    13    21    40    13    26    24    29    42    13    42    42    23    13    23    30    26
    31    38    21    31    25    38    18    17    41    41    13    31    34    27    20    29    13    18    16    14
    25    33    16    27    26    13    42    25    15    32    39    13    33    20    30    32    15    34    38    25
    39    43    40    42    21    41    24    34    18    31    40    29    25    18    28    24    33    21    19    16
    22    43    23    26    18    14    13    39    25    41    21    19    13    40    43    29    20    19    38    32
    29    15    13    20    40    13    28    39    24    13    30    42    32    30    13    34    28    32    43    13
    14    27    39    39    27    32    40    13    21    21    43    33    19    13    29    41    25    26    28    29
    34    22    43    28    14    30    34    13    27    42    38    15    22    13    16    38    15    43    19    31
    29    42    30    30    16    31    20    38    14    25    23    43    26    42    18    18    16    24    26    19
    19    13    39    13    17    21    41    40    28    24    24    15    41    13    31    24    15    17    33    38
    15    33    13    29    17    30    32    30    22    42    24    39    13    26    13    13    16    24    27    18
    42    14    19    24    33    32    17    31    18    14    13    39    30    23    26    28    43    20    28    30
    27    13    41    39    25    15    13    30    38    27    27    30    13    40    34    26    39    38    32    13
    27    29    14    16    27    26    33    43    13    40    22    28    40    25    20    42    15    40    39    15
    23    19    13    17    43    23    14    28    40    31    25    13    29    15    21    16    24    23    28    13
    23    33    15    23    33    15    17    39    28    16    19    22    20    15    20    33    39    43    26    14
    27    14    38    21    29    43    23    23    30    15    14    23    20    22    14    32    42    40    30    13
    43    34    32    16    13    34    42    17    14    29    23    25    14    13    24    14    14    17    15    15
    18    13    21    43    42    31    19    41    41    39    13    16    13    33    23    43    22    38    25    40
    38    25    40    28    27    20    21    33    28    38    25    16    38    33    16    28    22    18    18    32
    30    27    24    33    30    22    16    13    34    17    33    27    41    38    38    26    20    23    17    26
    30    14    19    19    15    43    15    43    42    24    19    21    23    14    25    18    32    13    13    13
    42    43    33    43    23    25    29    42    40    19    13    16    23    21    28    20    38    32    20    13
    26    31    30    43    17    39    32    13    22    18    18    31    23    13    43    27    14    34    17    31
    21    43    13    25    23    15    25    40    13    13    27    42    24    33    17    21    34    29    20    41
    42    13    40    43    15    38    15    34    16    22    18    42    13    22    33    26    13    42    13    17
    13    13    39    32    41    24    31    16    13    29    13    29    23    42    32    29    14    26    39    13
    24    33    42    22    27    21    16    13    20    17    26    26    30    24    25    27    43    27    30    28
    28    31    41    24    30    14    31    27    42    31    38    13    22    19    13    17    28    18    30    39
    15    15    40    18    39    30    33    21    41    21    13    16    23    24    20    29    17    15    13    23
    28    33    26    27    41    30    41    34    25    31    25    22    13    34    43    14    42    23    29    25
    20    31    21    40    18    34    14    18    28    22    41    23    16    25    15    25    30    29    20    34
    41    40    18    34    13    20    25    42    23    24    21    18    41    13    33    13    34    13    31    27
    13    29    19    23    22    17    27    17    26    33    27    42    38    26    17    14    25    20    41    39
    26    24    38    26    24    22    13    43    39    23    16    24    23    28    13    38    34    25    27    13
    13    20    21    15    22    26    32    43    22    34    34    23    39    21    39    43    14    34    25    30
    27    42    13    15    21    28    43    43    23    13    17    14    26    13    41    15    17    20    38    28
    15    30    25    16    29    40    43    29    33    13    19    13    25    24    13    38    32    33    34    41
    26    27    20    29    31    13    42    13    30    23    38    14    43    20    27    42    32    28    13    15
    23    26    30    31    23    18    14    22    43    30    22    15    27    31    20    14    22    23    42    33
    29    15    24    19    23    32    42    24    32    42    20    39    16    25    28    20    43    30    39    26
    40    39    20    38    13    33    16    13    16    38    43    30    43    26    14    40    43    32    32    34
    38    41    43    17    28    22    28    34    23    16    14    16    34    19    25    23    31    14    21    14
    34    34    38    18    38    38    23    29    13    29    41    24    27    15    40    15    15    30    41    34
    13    20    41    32    18    13    24    24    14    19    29    13    38    25    18    23    13    22    27    42
    26    26    13    28    19    14    40    27    33    24    34    38    29    31    27    17    13    41    39    13
    17    15    21    26    33    18    25    32    24    27    18    33    34    39    17    28    22    15    42    28
    28    41    26    32    13    13    41    32    22    23    23    39    41    28    34    42    17    21    17    20
    33    17    43    39    41    41    14    24    25    17    39    43    38    14    14    32    25    43    32    40
    13    32    42    18    20    18    13    17    24    14    40    23    19    32    15    13    20    42    38    15
    17    15    31    39    43    30    33    40    27    23    25    13    13    18    30    20    39    42    17    26
    34    13    33    24    17    13    13    27    17    24    23    26    15    13    20    23    40    29    26    14
    24    39    34    42    29    42    26    25    43    14    18    28    38    41    20    42    16    43    13    43
    39    34    13    25    20    25    14    24    14    22    27    41    14    30    13    19    26    39    26    19
    18    31    15    13    27    29    41    43    18    32    16    22    29    33    26    21    40    17    20    27
    42    22    39    41    28    13    38    38    17    14    26    41    20    21    15    15    21    34    26    24
    34    27    40    41    19    17    38    22    17    42    27    33    42    34    18    13    22    21    27    38
    40    25    27    25    31    15    43    24    39    39    21    14    17    29    13    39    13    13    16    20
    16    14    29    22    18    18    33    13    28    27    40    21    22    31    43    25    31    15    30    28
    34    13    26    33    28    18    29    33    23    38    34    24    40    31    22    28    23    14    31    14
    21    21    25    28    30    15    14    18    43    26    13    15    33    20    13    19    42    33    34    42
    26    26    13    19    29    34    20    13    25    32    34    33    31    13    32    31    39    29    17    29
    40    14    13    29    38    40    23    31    31    34    19    25    25    13    23    13    24    14    31    30
    19    17    29    28    14    13    38    41    20    38    25    43    32    21    33    41    13    40    13    28
    15    30    43    19    40    38    31    34    39    31    13    20    42    25    14    41    30    15    32    24
    25    15    25    19    42    28    24    27    21    13    33    38    18    21    28    16    42    24    39    26
    30    13    30    16    30    26    23    38    33    13    42    14    19    24    31    13    38    18    27    28
    23    13    13    13    13    43    17    25    43    29    14    30    17    13    13    30    25    25    42    40
    21    41    34    13    26    20    19    13    22    43    25    22    38    18    16    15    32    41    19    22
    34    16    22    40    26    18    38    27    27    21    26    25    33    15    24    33    17    23    18    22
    22    13    42    42    26    22    42    30    40    28    29    26    33    25    24    18    29    40    20    21
    30    40    31    16    21    23    39    17    17    18    31    39    29    29    43    13    25    34    28    38
    25    13    18    41    39    14    42    20    23    32    18    34    32    28    28    27    34    28    27    17
    41    13    27    30    17    15    41    24    20    15    13    42    15    13    28    42    40    33    28    16
    34    13    19    40    14    26    28    23    15    39    42    22    13    13    39    39    41    38    42    18
    13    13    38    15    19    13    27    15    29    32    14    16    20    20    31    42    13    42    25    13
    43    17    19    34    40    23    19    24    22    39    13    40    32    15    16    31    21    13    39    19
    13    21    13    38    19    39    43    17    18    22    25    14    19    34    28    34    31    23    41    42
    22    30    13    15    41    42    13    15    18    20    13    41    25    33    40    30    34    24    14    13
    22    19    25    13    25    28    20    40    34    34    33    24    41    16    38    28    32    13    13    38
    39    17    33    28    30    43    16    40    25    23    33    26    27    21    41    13    27    17    40    43
    38    31    22    23    20    41    26    33    21    43    28    38    13    24    34    26    24    25    18    32
    25    42    27    14    18    39    13    29    27    24    24    39    28    29    27    18    43    13    33    26
    13    14    33    33    34    19    33    25    23    25    24    17    30    39    41    13    27    22    33    21
    26    16    32    34    38    15    38    39    27    34    18    38    21    32    29    14    24    42    27    32
    40    41    32    17    13    13    23    30    17    13    13    13    13    22    34    23    26    43    15    13
    33    20    33    33    42    20    19    17    29    14    14    24    20    19    40    39    31    41    29    32
    41    39    43    24    30    17    17    40    16    38    26    31    25    16    13    34    38    21    30    20
    26    25    31    40    27    41    16    42    23    43    31    13    30    42    19    23    43    32    14    22
    25    27    17    39    23    41    19    40    28    13    40    21    19    38    20    15    38    13    28    31
    19    24    19    30    40    13    28    34    43    30    13    32    23    27    30    16    28    40    20    34
    22    22    13    32    43    16    43    29    21    21    38    13    34    42    17    26    29    14    33    16
    26    14    19    34    22    39    30    26    14    27    13    40    34    27    16    42    28    33    27    17
    31    23    40    13    24    13    39    39    15    26    32    17    28    25    27    23    28    22    43    22
    27    31    22    13    13    39    22    32    13    27    31    19    13    21    13    20    22    34    23    20
    34    19    21    33    20    42    15    18    25    33    19    21    27    31    22    13    16    13    33    22
    30    31    38    13    13    31    14    26    32    18    13    31    17    22    41    13    20    26    28    17
    26    43    33    31    19    42    13    23    13    22    14    15    32    33    18    23    40    42    30    40
    24    21    28    41    41    15    40    22    43    25    38    40    34    31    19    38    17    39    42    34
    33    30    20    16    39    20    43    27    32    41    15    38    19    21    31    23    31    25    19    25
    23    19    15    27    23    43    32    42    29    13    21    26    27    26    16    20    27    39    31    43
    25    41    29    29    34    28    23    39    28    17    17    27    42    34    29    40    29    25    21    41
    21    31    26    23    34    31    34    38    39    26    28    24    29    16    20    13    13    30    30    30
    23    17    26    13    16    18    26    29    14    20    43    14    42    42    38    43    30    33    39    13
    31    41    15    41    13    27    17    14    21    24    30    40    41    15    42    13    27    28    26    22
    42    38    33    16    26    43    13    23    13    43    39    31    39    20    34    40    15    43    13    15
    17    17    21    26    33    26    43    34    13    25    13    31    22    23    13    41    16    31    17    23
    31    38    13    20    40    41    29    31    27    27    29    32    31    20    27    40    27    28    27    38
    41    16    24    25    26    19    21    13    28    21    21    31    40    39    18    24    33    19    29    15
    14    16    19    33    17    23    42    33    33    13    16    38    18    29    16    22    16    41    24    26
    32    14    28    32    25    13    40    31    15    29    22    40    34    33    24    29    25    34    23    40
    17    21    38    14    33    30    30    19    29    13    13    13    40    14    17    40    21    30    27    20
    31    24    25    13    28    18    28    18    29    21    15    41    19    25    29    42    39    24    26    23
    27    16    21    23    40    17    41    28    15    40    32    34    32    19    21    29    21    18    27    30
    13    38    13    13    34    23    24    15    38    20    30    31    16    25    33    25    27    43    17    31
    19    17    32    14    24    26    33    39    23    18    17    14    13    13    40    28    17    27    26    14
    21    18    41    24    24    33    19    16    42    40    25    13    34    27    21    14    27    32    40    17
    13    41    30    33    23    33    34    28    34    34    14    15    24    29    30    21    31    42    32    38
    20    19    21    17    40    38    30    28    26    26    30    13    24    13    25    34    42    29    13    42
    39    13    20    28    14    20    40    33    26    16    34    31    29    19    16    28    24    43    24    42
    27    16    30    30    33    16    24    33    24    42    24    32    19    25    28    16    29    20    17    40
    25    43    13    33    14    22    22    38    39    39    34    18    17    29    34    13    23    14    25    42
    31    13    29    41    23    38    41    27    39    32    26    15    20    22    25    34    23    13    32    15
    31    13    38    13    18    27    41    31    13    34    32    17    15    22    39    23    34    39    34    13
    15    21    16    31    41    26    42    26    22    33    32    24    18    14    33    21    41    13    18    20
    27    17    32    14    24    32    29    32    28    18    21    43    17    34    15    34    30    38    27    40
    13    32    13    17    38    27    13    27    39    13    30    41    23    41    31    32    38    26    13    32
    13    27    18    22    41    28    28    29    40    26    27    31    20    16    22    29    17    40    24    13
    28    40    25    28    41    33    18    24    18    19    13    13    38    32    17    24    28    30    13    16
    34    34    16    40    32    13    17    25    30    40    30    28    14    26    17    28    22    25    31    25
    21    33    20    13    28    39    31    13    14    13    38    26    42    16    16    24    21    22    34    34
    43    43    23    34    15    15    32    31    34    18    18    21    42    39    19    40    22    19    15    21
    38    13    23    33    42    39    39    22    24    21    43    41    32    41    23    31    16    15    16    43
    18    20    19    13    16    19    24    27    34    38    26    20    41    31    34    28    39    24    40    13
    20    21    15    14    24    27    31    15    26    22    19    26    33    23    33    13    18    29    29    38
    39    23    39    16    13    38    18    24    28    23    22    38    42    19    24    42    13    29    29    34
    27    23    40    17    15    40    33    20    19    26    25    16    13    24    17    14    39    34    13    28
    39    34    18    24    20    38    27    29    29    17    31    24    29    34    31    22    14    43    15    30
    27    29    33    42    27    30    16    17    32    41    30    40    15    18    32    41    31    24    13    20
    40    28    38    40    42    38    22    21    13    34    19    17    31    19    25    13    25    17    42    13
    24    33    39    22    16    27    33    33    31    18    27    32    29    43    23    41    21    28    29    13
    22    42    30    19    16    39    30    13    34    19    31    21    42    41    13    18    13    41    41    42
    29    18    22    15    17    42    14    20    22    32    24    34    17    14    20    28    41    32    29    19
    16    18    17    16    18    29    43    17    31    29    27    28    27    38    38    31    16    21    30    24
    13    32    16    14    28    13    34    34    25    26    41    42    33    30    32    24    33    26    34    34
    21    43    26    26    26    39    29    20    14    26    25    41    16    39    42    34    25    24    30    14
    42    30    42    17    33    27    13    26    25    13    27    39    13    32    34    13    24    26    22    42
    16    26    22    33    29    13    43    14    29    15    42    31    33    21    16    16    31    30    28    29
    32    28    33    43    30    28    34    31    40    31    30    39    30    26    39    34    41    33    27    17
    25    15    30    22    19    14    18    39    29    15    40    13    13    33    28    34    38    19    42    14
    18    28    34    24    13    13    13    14    34    22    34    23    18    42    25    34    40    38    23    29
    21    32    22    39    28    41    30    41    24    23    26    39    17    24    39    27    13    13    17    20
    42    24    30    28    42    24    26    39    41    15    39    31    19    25    41    19    39    16    15    18
    15    43    19    16    24    34    15    19    41    13    41    20    18    24    42    31    31    34    41    30
    24    19    16    42    31    26    34    13    16    40    17    18    23    13    40    25    32    27    28    42
    14    24    21    13    21    25    13    13    20    18    13    28    19    34    13    18    13    30    33    29
    19    13    22    22    31    34    20    13    13    17    29    23    20    29    34    34    24    19    29    26
    43    20    42    38    13    33    39    26    25    13    16    34    21    14    42    20    42    23    21    16
    20    34    22    28    25    40    19    40    21    40    25    34    30    24    14    21    22    27    17    40
    15    32    19    28    19    42    32    38    14    33    30    33    32    38    14    24    38    22    43    13
    16    38    42    28    29    29    30    20    23    30    14    41    28    33    32    24    34    20    27    40
    16    27    16    13    43    41    41    39    43    13    31    20    28    13    22    42    20    30    13    38
    18    24    31    13    26    19    42    13    43    13    43    30    22    15    41    22    20    28    22    21
    32    23    23    32    41    33    27    34    28    26    39    13    38    24    32    13    34    38    20    22
    38    18    34    20    29    43    24    25    22    23    22    40    24    20    13    28    21    15    34    34
    16    39    15    22    19    39    23    40    43    21    27    33    15    31    23    30    39    23    14    40
    33    24    13    30    26    17    42    23    20    28    14    27    17    19    28    38    33    13    13    28
    17    38    23    15    21    25    14    40    27    23    22    38    26    15    41    13    16    22    42    43
    42    24    21    16    17    25    13    25    15    17    13    31    24    42    24    28    16    39    13    25
    15    33    22    32    38    29    16    18    30    32    40    13    26    14    18    13    13    33    19    39
    39    31    17    39    16    41    18    18    38    14    38    34    19    41    27    23    23    18    43    33
    40    33    42    13    20    38    24    38    34    34    42    31    32    33    26    13    20    30    18    31
    13    34    30    17    25    20    39    41    13    38    43    30    13    27    42    20    13    15    25    25
    27    34    14    14    19    13    14    34    15    16    14    15    26    15    28    19    22    15    14    24
    28    29    42    40    28    28    42    40    29    20    25    18    34    28    28    19    13    24    20    26
    20    19    13    31    19    14    28    13    23    13    43    17    24    29    13    40    23    31    42    27
    27    13    33    24    30    20    18    13    13    34    28    15    24    33    43    18    40    26    13    29
    15    33    22    33    27    33    13    32    34    21    17    33    24    14    20    32    40    13    32    13
    16    24    38    29    21    18    28    24    27    41    16    24    13    39    43    27    33    17    20    25
    15    38    34    21    13    17    27    13    21    16    14    43    34    39    33    28    15    43    29    18
    41    26    13    33    41    19    20    22    22    33    41    13    29    13    14    17    40    27    43    17
    38    18    13    28    30    26    18    13    27    33    39    19    30    24    13    13    27    38    27    13
    39    38    20    42    29    14    14    19    13    43    43    31    38    29    13    17    43    33    20    14
    21    28    16    39    30    25    13    26    13    20    22    43    23    22    43    28    33    16    41    22
    41    34    15    32    38    40    31    25    18    38    18    13    13    28    19    13    34    34    21    41
    18    19    13    14    24    27    28    43    42    25    20    31    13    39    34    16    25    23    41    29
    13    41    25    13    40    15    25    27    41    25    41    33    22    31    26    41    32    13    27    23
    38    21    24    27    32    27    18    38    43    14    14    19    28    15    32    19    19    31    39    19
    27    15    22    31    13    19    16    27    29    20    20    26    14    13    33    39    41    21    29    27
    31    41    24    40    39    22    13    30    26    27    33    34    20    26    34    28    18    13    29    16
    42    25    22    20    40    33    38    43    25    18    21    16    17    29    38    29    25    18    13    27
    23    15    41    19    19    32    31    22    22    34    34    19    33    27    21    39    13    21    31    13
    17    41    33    30    13    33    16    42    13    22    38    41    30    42    38    26    27    32    19    18
    27    40    15    43    28    13    30    32    26    30    26    29    14    26    34    17    43    21    15    22
    27    17    31    29    29    13    19    15    22    27    28    19    29    15    28    18    34    40    32    22
    30    23    26    25    21    40    34    24    24    20    20    40    13    41    31    34    38    30    32    41
    29    42    43    29    38    25    43    25    20    41    42    13    32    17    43    23    24    42    13    42
    14    14    31    42    31    38    13    31    21    21    39    21    43    21    26    27    28    16    15    15
    16    13    33    20    16    38    26    38    22    32    18    38    13    13    22    13    34    16    20    26
    22    13    27    42    39    38    31    43    21    42    13    26    40    26    18    27    13    14    14    13
    33    40    17    20    20    34    27    34    18    30    40    38    26    31    28    32    28    14    40    26
    19    22    27    29    40    13    17    29    32    23    41    27    15    31    33    30    19    21    24    26
    26    13    32    20    42    22    21    30    38    23    22    20    25    23    19    17    15    16    31    13
    23    21    34    17    40    33    13    34    34    16    14    13    33    40    26    18    15    17    15    23
    19    42    29    34    13    19    25    34    40    22    23    21    13    21    42    23    41    16    23    15
    18    42    23    13    27    15    39    38    13    38    30    16    26    42    14    42    24    24    21    13
    42    13    27    33    32    39    25    13    16    15    17    31    15    40    42    41    21    34    30    24
    20    18    15    31    25    32    38    30    21    41    20    43    40    34    17    14    17    22    42    22
    32    15    23    25    22    43    13    41    13    25    41    38    33    33    20    25    40    28    42    13
    15    20    28    19    32    25    18    15    38    28    23    17    24    26    39    16    29    42    42    38
    32    19    15    27    33    27    24    17    19    21    39    30    17    16    41    23    34    13    38    21
    39    26    20    34    13    33    15    24    15    41    41    23    23    18    29    24    25    24    42    24
    23    14    16    19    25    27    43    31    34    23    42    25    14    26    13    17    13    14    21    20
    23    13    30    15    13    43    40    22    21    28    33    21    27    20    29    23    13    23    26    24
    23    13    25    17    41    41    25    25    22    28    34    42    26    13    18    20    18    41    32    39
    38    13    42    22    42    21    19    21    34    25    27    14    13    15    22    32    13    38    39    14
    38    22    43    24    38    20    16    14    22    39    31    18    20    15    14    18    33    15    31    32
    13    34    19    40    21    13    30    30    21    18    42    22    13    32    21    13    13    13    43    27
    31    25    40    27    19    24    13    23    38    31    43    19    40    23    42    32    31    32    27    22
    40    13    39    19    13    14    27    18    42    22    29    26    17    21    38    39    15    14    13    13
    16    40    23    16    19    27    26    18    32    14    26    24    30    15    25    23    23    18    26    23
    16    14    34    41    27    15    13    13    23    31    39    27    20    14    43    41    16    24    28    29
    16    24    34    14    42    23    13    28    25    33    33    23    20    42    21    27    34    31    23    32
    23    14    26    26    31    13    28    27    15    38    28    14    38    38    15    39    23    24    38    23
    31    32    31    25    32    40    19    20    13    24    31    18    33    20    34    38    28    24    28    15
    26    34    30    14    14    30    13    17    28    21    23    20    18    20    39    29    16    22    13    28
    20    28    21    33    25    13    17    39    32    40    19    19    26    33    23    23    21    22    29    20
    18    28    15    29    13    40    23    40    25    22    27    17    21    40    28    24    34    16    17    43
    19    22    41    39    42    38    42    15    19    39    25    41    27    32    14    21    27    43    25    32
    19    28    16    13    43    17    21    31    38    15    38    32    18    15    23    23    43    20    32    22
    27    26    14    22    27    29    17    42    29    21    39    23    13    38    30    41    28    25    20    20
    23    24    30    13    34    24    42    38    26    31    13    20    39    33    27    30    27    15    39    22
    13    17    22    21    27    33    41    32    20    21    23    21    27    13    40    31    16    33    42    14
    15    23    30    20    42    17    26    17    13    18    38    28    16    25    34    24    29    20    13    13
    22    30    39    31    13    41    32    20    43    19    42    39    33    15    33    21    18    13    13    41
    19    30    27    14    20    31    34    43    13    34    41    13    17    20    19    13    21    38    30    29
    27    20    20    20    33    27    32    24    28    38    31    21    25    14    14    17    26    42    28    14
    39    34    33    19    38    21    14    14    18    31    39    20    20    18    16    23    26    43    26    13
    20    30    26    17    27    14    39    34    26    13    20    26    40    27    18    13    25    13    40    21
    16    40    39    23    24    19    16    29    42    41    32    17    33    28    43    29    21    31    38    25
    20    41    14    33    41    23    21    39    22    22    42    34    20    34    39    29    28    39    25    14
    23    39    20    23    39    19    14    14    17    41    30    33    40    43    20    19    15    13    31    21
    22    39    41    13    23    33    40    13    13    21    20    34    17    28    28    13    40    28    41    43
    23    25    28    14    27    42    28    19    40    17    21    26    18    42    19    13    38    33    33    29
    41    40    16    21    31    19    29    28    39    28    28    16    31    32    24    42    33    29    30    30
    13    20    31    33    40    33    27    17    20    29    15    30    31    14    13    42    21    41    13    30
    22    15    13    43    23    38    17    26    26    19    13    33    43    26    23    42    18    17    26    39
    21    13    33    40    43    21    43    13    21    24    27    33    18    41    20    14    23    14    22    13
    31    24    13    13    22    42    33    17    21    42    34    26    13    23    26    19    17    13    41    13
    23    16    24    29    21    38    43    13    40    40    39    42    29    13    14    43    14    40    13    42
    20    21    13    40    14    29    39    18    32    34    31    28    40    39    31    26    27    41    34    27
    24    22    23    27    32    22    39    23    43    31    26    38    15    13    29    13    22    20    30    21
    13    17    41    31    23    23    27    20    38    13    27    19    15    27    43    29    33    18    27    43
    26    41    34    42    20    21    19    27    13    32    13    14    33    39    15    13    34    16    42    31
    16    26    17    23    19    13    22    39    33    38    16    13    32    32    39    14    27    15    24    29
    34    41    26    13    38    43    13    28    31    18    28    40    38    20    13    30    16    20    43    23
    21    30    38    25    38    14    18    29    21    42    17    23    42    42    38    42    13    28    25    14
    42    13    43    32    38    13    15    15    41    42    15    24    16    25    23    38    25    13    20    31
    13    43    41    19    19    34    43    42    20    30    29    13    31    15    24    29    16    20    33    23
    38    42    43    40    15    33    42    24    29    40    33    38    38    32    18    20    22    41    43    19
    28    13    34    18    23    13    34    22    34    16    17    29    34    25    39    39    38    15    31    41
    13    21    20    14    22    24    28    13    41    21    22    16    38    32    17    19    24    22    23    34
    33    14    25    26    24    33    22    30    43    41    23    23    40    22    40    16    21    30    23    28
    34    31    16    28    39    21    18    25    13    15    22    29    13    20    18    22    17    42    31    15
    24    21    42    24    41    32    38    26    22    13    42    24    17    31    29    31    38    22    31    19
    41    42    16    32    26    19    13    15    19    39    13    20    30    15    24    30    19    14    28    24
    38    19    30    21    40    20    38    26    25    23    18    28    16    23    26    29    32    22    42    40
    22    27    14    27    40    25    32    15    21    18    31    33    28    22    22    43    19    25    43    24
    33    16    34    18    15    41    43    40    31    42    13    38    32    33    43    34    31    34    39    33
    43    21    15    22    42    43    26    22    14    26    16    31    43    33    18    43    41    34    41    24
    43    20    22    17    30    13    16    16    42    16    27    21    33    39    30    32    25    42    25    20
    13    29    23    34    23    33    29    20    20    32    27    13    21    27    33    41    42    13    42    15
    13    18    13    22    21    30    20    22    24    43    14    24    13    18    25    13    27    16    21    31
    34    38    32    16    19    13    31    13    19    34    13    15    33    24    31    13    40    43    16    24
    22    15    29    21    26    15    32    25    43    15    21    40    29    18    39    24    22    14    13    23
    16    31    17    20    25    19    13    42    18    40    24    13    16    21    38    18    23    34    20    19
    31    32    21    22    17    13    13    27    14    27    24    13    13    20    40    25    16    14    26    27
    41    41    14    13    31    22    41    14    40    31    38    18    42    21    19    25    29    39    27    29
    19    29    40    14    31    21    20    43    39    20    23    32    25    20    26    19    18    16    15    17
    42    19    34    14    30    13    41    29    27    42    41    41    29    17    27    43    16    38    29    32
    22    28    30    26    32    13    23    27    19    17    33    20    23    33    30    13    38    27    13    41
    39    20    20    13    14    31    13    23    38    20    22    19    27    14    21    30    13    34    13    29
    25    23    24    27    33    20    27    39    24    34    32    13    20    28    17    20    18    13    43    22
    13    34    26    42    43    40    39    13    19    13    22    27    13    27    25    33    17    42    13    23
    31    21    16    15    20    29    19    38    23    32    27    19    21    43    41    13    14    27    15    23
    42    13    21    16    13    20    26    34    15    43    25    23    20    25    26    42    32    19    41    24
    31    13    23    23    40    21    31    34    24    34    38    13    13    19    13    26    34    20    18    15
    34    39    27    21    13    19    27    21    13    28    39    13    38    18    39    32    32    17    26    34
    25    30    13    39    25    26    23    40    19    39    38    20    31    15    25    29    26    21    13    33
    13    39    43    39    39    26    43    17    21    33    24    13    29    32    38    13    28    20    26    41
    31    41    32    40    25    29    29    13    14    23    40    15    15    38    43    17    22    22    16    39
    39    26    38    22    38    25    13    23    13    38    14    14    28    24    29    13    21    13    25    17
    40    28    39    28    41    41    16    13    28    13    16    28    38    23    30    21    34    24    19    33
    13    19    28    40    29    41    15    34    25    30    16    28    22    42    40    16    30    42    19    30
    15    40    40    34    25    41    21    43    27    33    39    17    14    14    27    32    43    13    41    40
    39    43    17    28    22    20    41    14    43    28    29    30    29    13    23    42    32    16    29    41
    33    13    40    17    26    14    17    31    42    34    43    34    30    23    29    20    25    27    19    19
    29    13    28    26    16    41    43    27    14    34    16    19    19    39    20    38    16    25    20    26
    38    29    21    34    19    20    32    19    26    40    34    43    21    13    34    39    39    24    33    29
    29    23    32    34    21    13    22    27    22    19    32    21    39    27    33    13    15    33    25    13
    31    17    16    40    33    31    32    16    41    15    26    21    32    40    38    32    24    20    15    43
    24    17    28    40    28    41    42    34    13    24    39    21    25    13    29    42    38    18    21    38
    31    43    13    40    40    27    17    43    34    42    20    25    13    18    19    16    34    32    24    40
    28    19    20    14    38    19    19    29    23    23    30    21    15    43    13    21    29    34    17    24
    34    13    17    19    42    34    15    25    18    13    42    42    30    38    25    29    38    15    16    30
    38    22    14    40    32    39    26    43    40    31    43    30    14    38    29    26    34    13    17    31
    43    39    39    34    43    29    17    27    22    27    24    43    38    18    27    25    13    38    29    29
    39    43    38    13    13    25    29    39    23    33    13    19    26    26    28    33    14    24    40    24
    43    33    41    41    13    43    25    30    18    38    33    13    20    20    31    25    18    40    14    41
    23    29    24    13    16    43    23    13    32    40    42    23    28    28    42    41    40    31    14    14
    24    23    21    23    41    40    20    21    30    14    18    21    21    20    39    27    43    14    24    13
    21    26    31    29    18    21    23    42    22    21    16    14    29    15    14    29    31    30    13    32
    30    42    28    18    21    40    41    43    43    41    25    16    15    41    41    33    14    40    29    26
    43    23    27    15    13    43    15    13    39    24    43    34    34    13    40    13    16    27    13    26
    13    42    41    25    18    13    42    18    13    41    13    23    41    25    15    31    26    25    14    23
    13    19    21    26    41    26    25    17    29    13    24    43    21    40    42    38    29    24    42    43
    34    17    13    43    39    39    38    20    16    17    39    13    21    30    20    31    33    23    16    28
    23    38    23    27    33    25    13    21    39    21    14    41    16    40    20    24    39    24    17    18
    27    13    15    39    13    31    22    24    26    42    31    34    13    40    14    43    28    13    30    24
    21    20    42    25    39    22    39    17    33    38    18    24    30    14    32    24    40    29    21    16
    34    13    28    26    25    20    13    39    29    28    40    19    22    38    31    13    28    15    19    40
    14    29    13    27    33    14    14    43    28    13    21    38    20    31    28    20    16    28    13    16
    13    39    32    32    25    38    13    30    38    43    33    43    28    19    26    38    13    43    23    19
    28    25    14    21    33    31    27    22    40    40    26    42    39    13    23    31    20    30    22    30
    25    20    16    33    15    21    42    13    19    34    33    13    23    23    40    31    23    15    27    40
    40    42    42    15    28    40    34    39    33    34    40    34    34    43    26    17    41    22    40    28
    18    16    20    34    30    23    27    19    27    40    32    23    41    13    23    15    33    13    41    13
    43    14    31    32    26    13    30    25    23    25    25    29    38    30    23    24    16    31    13    13
    29    42    13    32    27    28    19    15    13    29    27    30    25    20    43    18    28    32    16    25
    30    15    28    25    22    18    23    32    32    28    33    38    31    18    15    38    17    18    43    13
    20    13    26    41    14    15    27    25    13    20    32    14    42    25    18    31    17    13    24    27
    13    15    16    33    13    32    21    41    28    32    42    33    22    27    41    30    20    41    41    40
    30    14    26    22    41    25    40    25    39    26    18    18    20    30    30    13    41    13    13    32
    13    19    13    22    15    40    29    16    30    32    15    31    32    28    29    13    22    22    21    43
    17    17    29    34    25    30    15    21    19    16    34    41    28    27    21    42    18    25    27    42
    30    14    27    20    14    39    32    26    27    19    22    16    29    21    24    25    13    43    22    13
    30    32    18    38    14    29    13    34    27    13    40    13    30    34    42    29    28    26    23    41
    20    21    27    43    24    28    17    17    17    25    19    30    34    15    18    21    24    38    29    26
    28    15    27    29    26    22    42    20    30    28    29    27    31    16    23    33    13    20    13    29
    27    18    42    34    25    14    30    30    25    40    21    32    14    21    40    21    28    28    40    33
    16    33    30    20    33    39    34    38    19    41    38    26    19    28    38    19    29    42    14    13
    25    18    40    43    27    28    30    21    14    14    29    34    23    24    33    17    43    26    30    33
    20    20    18    27    26    16    14    21    34    32    32    34    28    42    25    13    16    15    24    27
    30    14    34    25    41    13    31    33    15    20    26    17    33    17    32    33    32    26    27    28
    32    13    28    23    32    41    33    25    14    14    28    30    30    20    32    14    39    32    13    38
    19    41    15    39    42    31    33    21    19    22    15    13    20    15    42    33    16    16    33    14
    13    13    13    23    25    23    20    23    43    19    31    23    33    39    19    25    13    26    21    16
    24    18    26    29    13    26    13    34    23    13    19    43    26    22    22    13    14    26    18    28
    17    24    40    21    31    17    25    34    13    14    21    29    26    42    28    43    17    40    30    21
    24    13    40    17    15    23    27    25    42    20    15    41    20    42    13    23    22    22    25    33
    21    18    16    43    18    25    27    15    38    26    23    26    13    19    33    34    21    16    23    30
    13    25    41    18    13    42    42    40    29    43    22    23    24    43    33    39    13    20    24    28
    17    26    38    40    21    26    19    40    18    13    26    30    15    26    32    30    24    34    22    43
    23    20    30    13    38    38    32    25    13    20    33    38    15    13    13    16    32    39    42    18
    28    13    26    18    13    26    16    14    41    19    14    43    41    15    14    32    27    26    23    38
    19    29    29    30    23    30    27    29    14    13    24    32    32    40    24    13    26    21    32    13
    17    38    38    25    20    13    33    17    28    33    33    13    34    13    40    40    17    16    18    21
    42    23    29    38    16    41    16    20    28    27    17    27    43    42    26    43    22    27    42    39
    29    19    32    27    13    13    30    34    22    23    13    29    33    24    29    28    14    21    34    16
    25    31    15    21    18    39    25    25    33    18    24    23    22    41    33    42    19    18    34    40
    42    31    34    21    15    21    34    15    27    19    28    23    20    29    24    31    21    23    32    31
    38    18    15    40    23    22    13    30    16    16    13    40    17    20    34    43    16    26    21    33
    19    13    30    13    43    27    41    38    23    30    19    15    17    18    27    41    28    25    31    42
    32    30    26    14    13    33    16    16    33    30    14    34    22    42    13    39    21    33    30    34
    19    33    20    40    21    25    22    15    13    20    13    39    24    24    32    24    26    16    33    17
    43    16    16    20    30    24    25    38    26    32    13    19    16    38    24    30    41    28    13    13
    15    33    20    19    15    43    38    26    23    19    21    13    21    23    42    13    20    19    28    28
    22    42    42    22    29    20    21    17    33    14    40    28    13    38    31    32    16    41    28    41
    38    38    24    14    28    23    29    30    18    25    19    20    22    28    25    43    30    22    20    13
    28    13    30    21    33    26    26    15    21    31    21    15    28    30    13    21    21    33    19    27
    32    13    33    14    13    26    43    29    27    28    19    14    24    31    16    22    15    43    38    26
    26    17    18    30    22    14    30    38    29    20    26    32    23    17    22    15    23    18    15    38
    33    14    16    25    43    24    13    33    16    26    34    29    28    24    13    22    34    33    39    17
    18    20    14    17    41    42    18    43    17    13    14    40    24    22    42    22    40    13    30    13
    33    19    14    18    42    24    15    25    18    21    42    27    43    20    23    41    29    25    41    14
    14    21    18    16    15    28    25    16    20    30    21    28    32    32    13    38    40    19    18    18
    24    26    13    41    21    19    13    19    22    18    40    38    28    23    13    24    28    18    43    28
    33    27    22    19    28    42    27    33    14    13    38    29    14    24    13    15    13    32    38    21
    14    14    22    17    33    24    17    19    16    17    22    20    13    43    38    26    22    25    33    41
    13    39    25    19    13    22    42    29    30    17    20    15    40    17    21    40    29    23    13    43
    38    13    25    16    22    22    15    19    15    38    13    27    41    19    39    40    20    13    27    34
    23    32    24    41    32    13    39    33    42    22    23    27    41    29    28    30    28    33    20    40
    31    24    24    41    30    29    28    22    40    20    14    26    13    38    38    29    27    33    27    13
    26    23    17    23    39    38    15    38    30    22    23    24    22    28    34    24    42    29    31    24
    39    20    28    28    31    22    13    26    42    27    30    20    42    16    14    19    22    19    16    43
    41    19    30    32    22    15    40    32    41    39    20    17    21    31    34    31    40    31    26    19
    13    38    34    16    20    26    34    43    30    19    22    13    24    25    19    26    13    14    30    15
    13    21    13    16    27    23    39    33    33    39    16    16    39    34    43    20    34    15    40    43
    14    15    26    17    29    14    27    29    21    43    14    39    25    13    40    38    27    38    21    22
    27    26    18    31    18    20    31    13    13    28    32    26    17    25    34    15    20    42    40    40
    23    18    34    13    19    13    13    21    16    21    41    27    25    13    43    42    41    25    18    41
    21    19    13    39    39    41    31    34    23    21    28    25    28    31    42    39    32    40    42    13
    24    41    15    16    13    42    15    18    39    13    39    18    13    18    33    42    21    20    40    13
    23    30    33    27    13    15    39    13    18    13    14    14    32    28    16    18    33    33    40    43
    17    16    32    41    13    13    15    17    26    24    43    40    14    43    13    38    15    41    24    25
    17    16    27    26    28    43    13    43    29    13    40    13    22    20    41    20    38    17    20    14
    32    28    27    18    13    21    41    31    13    15    21    34    15    34    14    25    27    31    32    30
    13    22    20    22    32    34    25    17    28    29    20    28    30    39    13    40    41    22    42    41
    16    15    19    30    17    34    27    31    14    18    22    27    15    29    24    25    31    41    16    40
    16    24    16    17    41    32    41    41    18    38    40    34    26    13    29    13    18    23    39    38
    25    18    13    13    14    33    28    28    42    20    33    17    41    13    31    19    21    16    29    19
    20    39    39    21    29    39    13    26    22    32    13    29    23    27    28    42    43    41    39    13
    32    13    21    17    40    25    15    24    42    34    13    32    30    43    40    14    40    38    23    20
    43    30    40    34    29    13    13    16    32    23    43    28    41    29    29    20    16    19    18    34
    30    25    26    26    28    19    13    28    26    13    20    39    18    43    24    22    15    24    18    29
    19    13    38    32    31    26    20    26    42    28    20    15    14    28    13    41    34    22    21    13
    13    17    18    17    42    23    20    25    17    33    13    28    32    13    40    31    39    20    16    20
    22    14    24    18    40    42    16    19    39    15    14    41    13    22    18    13    32    26    20    33
    13    26    42    17    22    20    41    13    13    29    14    42    33    41    18    38    33    41    20    30
    13    21    32    13    13    23    14    38    23    17    40    40    34    14    13    28    34    38    13    29
    16    41    26    22    25    16    20    13    22    17    43    32    13    20    39    13    26    43    38    16
    31    24    13    25    18    38    14    24    27    24    39    13    13    21    23    16    13    38    31    30
    22    28    22    19    32    18    34    30    18    30    26    27    24    23    16    18    22    28    39    29
    22    39    32    16    18    14    20    23    38    26    39    27    14    41    29    33    18    31    22    28
    22    38    38    31    19    40    31    16    13    13    31    13    33    21    23    13    42    24    30    34
    21    13    14    29    40    13    33    31    19    25    28    33    18    24    13    30    14    13    26    38
    19    16    42    27    28    24    21    30    23    21    13    42    27    21    41    14    14    31    17    22
    30    25    41    20    13    24    16    17    14    17    25    30    38    28    31    33    13    23    25    43
    13    41    13    14    28    17    22    13    17    29    22    16    33    18    31    23    27    28    30    41
    40    34    40    15    15    43    32    14    31    39    19    29    27    38    16    39    17    27    27    13
    20    14    22    17    31    17    13    33    16    17    29    20    13    20    13    28    13    30    30    18
    20    20    13    13    39    28    13    15    26    22    26    32    13    31    40    19    13    34    39    13
    31    14    16    42    13    40    31    23    20    23    31    43    42    16    29    28    14    34    26    28
    19    38    21    39    18    40    34    14    25    25    40    16    28    25    39    26    43    24    30    13
    30    38    32    25    20    43    40    15    32    26    18    33    38    32    13    23    15    21    34    16
    43    38    21    24    33    14    32    42    39    34    28    20    31    25    42    43    29    17    16    21
    28    41    21    13    27    32    26    22    32    18    16    31    23    14    24    34    43    28    32    17
    33    19    29    26    33    20    39    19    29    14    34    33    23    13    18    22    25    31    42    21
    21    26    13    43    27    31    42    16    20    33    34    38    15    23    20    13    15    16    13    34
    41    38    13    39    27    23    32    33    30    25    26    43    25    28    19    21    13    27    21    34
    38    18    25    32    19    26    32    32    17    32    21    26    18    40    19    32    14    14    38    14
    27    38    17    23    15    13    23    29    25    23    27    31    13    22    13    30    41    26    18    16
    24    32    24    24    38    41    15    34    20    28    25    19    22    22    17    23    23    40    34    39
    34    30    16    22    20    27    16    16    13    22    42    14    24    32    22    43    13    14    31    19
    24    32    33    38    43    19    33    25    22    34    33    43    24    34    18    20    28    24    34    15
    38    33    40    13    42    15    20    18    39    19    29    29    31    25    22    43    19    14    43    16
    20    30    14    13    25    29    34    13    39    42    17    38    29    20    14    42    33    33    25    31
    25    14    29    25    26    13    23    34    43    14    15    13    34    41    17    22    38    29    32    30
    40    13    18    38    13    38    25    40    19    18    21    40    17    13    15    18    30    30    23    16
    13    21    40    31    39    41    28    18    29    38    15    19    14    40    33    41    26    24    41    22
    31    18    31    21    29    34    19    20    17    19    38    25    24    29    30    13    32    30    41    32
    17    14    13    30    43    39    38    29    13    21    39    40    16    26    13    25    43    24    41    31
    16    16    13    43    19    22    21    39    28    43    25    20    31    22    26    25    24    18    25    32
    27    27    32    16    18    22    39    13    19    14    31    33    13    24    38    33    13    28    29    29
    24    42    28    38    13    30    30    34    13    32    18    43    13    43    17    19    26    39    13    30
    38    15    41    15    23    20    41    16    23    23    25    28    28    28    29    25    33    14    17    25
    20    13    42    30    18    25    29    38    28    20    19    42    13    16    41    25    22    26    17    20
    26    17    42    17    19    17    43    13    14    21    43    42    26    32    40    34    28    26    40    21
    42    20    28    13    43    23    13    33    13    17    16    28    33    38    18    17    13    13    26    27
    24    15    23    30    42    18    41    31    22    20    16    42    19    13    19    20    34    16    17    23
    29    13    26    32    32    38    22    15    32    25    21    24    13    15    22    16    18    24    20    24
    25    20    26    38    15    38    18    30    25    39    27    33    33    33    17    38    29    13    13    28
    15    16    19    32    20    42    26    15    17    15    28    29    32    27    16    20    23    25    13    29
    13    19    13    13    13    33    32    32    16    39    17    28    20    30    13    33    33    38    21    15
    14    23    38    13    22    13    34    25    13    34    34    28    38    26    32    13    41    16    38    26
    25    22    23    34    19    29    27    19    27    21    28    14    26    31    18    33    28    14    19    40
    32    42    18    30    32    16    25    31    17    14    18    22    38    38    22    33    41    17    30    17
    13    13    34    33    21    30    43    18    13    19    40    23    30    19    39    13    19    25    38    13
    26    15    24    20    25    17    15    21    24    33    14    32    32    19    13    42    17    22    28    28
    41    21    31    32    13    40    32    40    32    33    28    41    18    14    41    23    32    20    20    40
    38    28    22    33    27    41    42    43    18    17    32    23    22    15    39    27    32    18    18    42
    20    23    25    22    34    19    16    26    13    43    39    16    43    20    28    16    19    33    38    22
    23    40    34    27    24    34    19    17    13    31    43    13    18    14    38    17    32    26    32    34
    23    25    25    32    29    30    13    34    14    42    13    20    30    29    31    41    16    29    25    25
    13    22    23    19    20    21    21    22    13    14    14    13    13    17    19    14    29    23    42    26
    13    32    33    19    15    43    21    25    17    40    15    13    16    13    30    38    43    13    15    14
    38    26    32    32    41    29    13    21    27    31    17    28    41    16    20    31    18    13    40    27
    20    26    23    26    24    43    30    13    32    39    40    22    43    15    17    25    26    39    24    21
    38    16    30    25    29    42    26    17    13    30    30    40    30    28    33    26    34    21    27    29
    33    25    28    41    13    33    18    18    34    38    39    30    13    32    38    38    27    23    15    25
    42    39    31    34    20    13    33    32    39    25    25    42    28    22    16    20    21    13    27    13
    42    27    31    18    18    25    29    14    43    20    39    27    27    41    13    13    27    16    38    26
    30    13    42    14    14    33    33    16    18    26    30    40    16    20    13    18    13    17    29    21
    41    42    26    43    39    14    21    33    29    22    13    19    25    33    25    14    13    13    14    22
    43    38    24    42    15    30    42    24    23    22    26    31    41    43    13    13    25    40    38    40
    13    13    19    34    13    22    41    13    30    43    13    38    29    20    21    13    33    40    34    18
    32    20    28    23    26    15    29    31    41    16    19    14    34    17    16    32    38    34    14    41
    24    31    22    40    16    18    13    26    40    40    39    30    13    34    31    24    32    18    22    22
    13    24    27    18    40    42    32    21    20    15    34    20    20    28    33    28    40    25    38    26
    29    21    31    17    29    16    18    40    24    19    20    13    39    13    13    13    24    13    40    17
    31    21    14    16    40    38    21    38    40    22    43    43    13    29    18    20    24    41    32    41
    41    39    13    30    13    42    18    16    41    31    28    34    20    23    31    33    22    28    25    39
    13    40    39    27    19    18    38    13    14    21    31    23    14    32    23    20    28    39    14    43
    30    39    43    33    42    21    13    26    14    23    27    30    20    16    13    20    14    41    39    31
    25    13    13    39    41    43    22    19    17    34    22    14    18    24    21    25    16    40    16    14
    34    22    42    20    24    42    24    21    39    18    20    42    20    22    17    24    13    17    19    40
    29    17    16    13    33    31    28    42    22    13    23    40    40    38    14    25    16    28    24    24
    23    21    25    22    42    22    41    28    19    30    17    13    24    22    40    32    13    41    40    29
    24    18    23    13    28    19    23    15    43    13    16    21    17    24    33    18    30    14    19    23
    24    17    33    19    32    13    30    22    20    19    30    13    26    42    20    18    19    33    25    16
    40    28    29    13    27    28    38    31    17    32    23    16    42    18    29    24    30    33    17    42
    26    18    14    40    29    26    38    13    14    28    20    43    21    14    32    22    29    40    23    39
    43    41    31    38    33    14    24    34    39    16    30    15    14    42    13    42    13    32    14    27
    17    34    14    25    17    20    19    21    13    32    34    32    17    42    13    23    16    15    18    29
    20    18    16    28    24    18    23    34    15    19    42    13    17    24    16    25    21    21    15    14
