     7    13    71    50   125    77     6    79    98    20     9   111    73    46     6   125   100    32    49   104
     9   113    89   111    84   130    52    65     6    23    71    39    48    58   116    38   104    38   129    48
   105    11    88    19   130    10    26    45    88    75   117   117   116    19   117   114    24    46    71     9
    65   126   126    90   111    86   113   118    14    12    61    76   124    11    11    52    26    25    10   125
   130    22    64    40    24   128   100    22     8   126    85    60     7   101    25   111    27    87    61    92
    71    20   113    64     6    46   115     6    64    60    79   127     9   126   126    53     8    51    87    71
    89   110    47    88    62   105    34    27   117   118     6    89   101    73    38    77     6    34    24    13
    62    99    24    73    64     7   126    61    14    97   111     6    99    39    85    97    20   104   110    63
   112   130   114   127    47   123    59   104    32    89   116    79    63    34    75    59   100    45    35    23
    48   128    52    66    32    14    10   112    63   117    46    35     6   116   128    79    38    35   110    92
    84    21     7    38   116     6    74   114    60     9    87   124    91    86     7   102    74    92   129     9
    13    71   113   114    72    98   115     6    46    47   130   100    34     6    78   124    63    64    77    78
   103    49   130    76    13    87   103     6    73   127   105    20    50    10    24   105    19   129    35    89
    78   126    87    86    22    89    38   110    11    63    53   129    71   126    34    34    23    61    64    36
    36     6   113     6    25    47   123   117    75    60    60    19   118     6    88    59    20    26    98   111
    19   100     6    78    27    85    91    85    48   125    59   113     7    66    10     9    23    59    72    33
   126    14    36    59    99    91    27    89    32    11     6   112    86    52    64    75   130    38    74    85
    74     6   118   111    63    20     6    84   110    71    74    87     6   117   103    65   111   104    92     8
    72    78    11    23    73    65   100   130     7   116    48    74   117    62    38   126    21   115   111    21
    51    36    10    27   129    58    12    76   114    89    64     7    84    19    47    22    60    52    76     9
    51    99    20    53    98    19    25   112    76    22    35    48    38    20    38    99   113   129    65    11
    72    14   104    45    78   127    53    53    87    20    12    51    38    48    14    97   125   115    86     6
   128   103    97    24     7   103   125    25    11    84    51    61    13    10    61    13    11    25    14    20
    33     8    46   130   126    90    37   124   118   111     6    21     6   101    52   128    49   110    62   115
   104    62   114    77    74    38    46    99    77   105    62    21   104    98    21    75    48    34    33    97
    85    71    60   100    85    50    21     7   102    27   100    73   124   110   110    66    39    52    25    65
    85    11    35    35    19   130    19   128   125    58    37    47    53    11    62    34    97    10     6     8
   127   128   100   128    51    61    79   126   115    36     6    24    51    47    77    40   110    91    40    10
    66    90    85   129    25   113    98     7    50    32    32    90    51     8   128    72    14   101    24    89
    47   129     6    63    53    21    63   115     7     7    72   127    59    98    27    45   103    84    38   118
   126     6   114   130    19   105    19   104    21    51    33   127     6    48    99    66     6   125     7    24
     7     6   112    97   124    59    89    22     6    84     8    84    53   125    97    78    13    66   113     6
    61    98   125    48    73    47    23     7    38    25    64    66    85    59    64    74   130    71    85    76
    76    88   123    58    87    11    88    74   127    88   110     6    50    35     6    24    77    34    86   113
    20    14   115    34   112    85   101    46   118    46     6    21    52    60    40    78    24    14    10    51
    76    98    66    73   118    85   123   104    61    91    62    50     8   103   127    11   125    51    79    62
    40    87    45   117    27   104    12    34    76    49   124    51    23    64    14    63    86    78    38   101
   117   116    32   102    10    38    62   126    53    60    46    32   118     7   100     8   101     6    88    72
     6    84    37    58    50    25    74    26    64    99    73   125   110    64    24    11    62    38   118   113
    65    59   110    71    58    50     8   130   113    52    21    58    51    76    10   104   101    62    72     6
    10    39    45    19    48    71    98   130    50   102   103    51   112    40   111   129    12   103    62    87
    71   126     7    21    46    77   130   129    58     6    27    13    65    10   124    19    24    39   110    76
    21    86    62    22    77   115   128    84    99     8    36     6    63    59     6   104    97    98   102   123
    71    71    38    78    89    10   125     6    87    51   104    12   128    38    73   127    98    74     6    20
    53    66    85    88    51    34    12    50   128    86    49    19    72    88    40    11    48    51   125    99
    84    20    59    35    52    97   125    59    92   126    38   112    22    64    76    40   129    86   112    64
   116   112    39   111     8   101    22     6    22   105   130    86   127    66    12   115   130    92    97   104
   110   124   128    26    74    50    77   103    53    22    12    21   104    36    63    52    90    13    47    11
   102   103   110    32   110   104    51    79     7    84   118    58    73    20   114    14    14    87   124   103
     8    40   123    97    32     6    58    58    12    36    84     7   104    62    33    52     7    51    74   127
    65    66     7    75    37    13   116    73   100    58   101   104    78    88    72    26     6   124   113     6
    25    14    45    64   101    32    63    92    58    71    27    98   103   111    25    76    49    14   125    76
    74   123    65    92     9     8   124    97    50    52    53   113   117    76   101   126    27    47    25    40
    99    25   129   113   123   118    12    59    61    26   114   128   111    14    12    92    61   128    98   114
     9    98   126    32    39    32     7    25    59    13   117    58    36    92    19     6    39   125   105    14
    24    14    90   111   129    87   100   116    72    53    62     6     6    32    85    40   114   125    25    65
   103     6    98    58    25     9     7    73    26    59    53    64    14    10    38    52   116    78    66    11
    58   114   101   127    78   127    66    62   128    13    34    75   110   123    39   125    22   128    10   128
   113   102     9    63    39    64    13    61    13    50    73   123    12    85     7    37    65   113    64    37
    34    90    20     6    73    84   118   129    32    97    22    50    84    98    71    47   115    25    39    72
   124    49   113   123    74     6   104   111    25    13    64   124    37    47    14    19    45   104    66    58
   101    74   116   117    36    26   105    48    25   126    71    99   126   101    33     6    48    45    72   110
   115    62    72    62    88    20   128    61   112   113    45    11    25    78     6   114     9     6    23    40
    21    12    78    49    34    34    98     7    75    74   116    46    49    88   130    64    88    14    86    75
   101     8    66   100    75    32    78   101    51   105   101    61   117    89    50    77    58    12    90    13
    45    47    61    77    85    19    13    32   130    71    10    14    99    40     6    35   127   100   103   127
    66    65     6    35    78   103    40     7    64    92   101   100    90     8    97    90   112    78    25    84
   116    12     9    84   110   116    58    88    89   102    37    63    63     6    52     6    60    12    89    85
    37    25    77    77    11     8   105   118    38   104    64   127    92    46   100   123     6   117    10    75
    19    86   130    36   116   111    89   102   114    88     7    38   126    63    12   118    87    21    97    58
    63    14    61    35   125    77    61    74    46     7    99   105    34    46    77    22   125    58   113    66
    86     9    86    23    85    66    53   110    99    10   126    12    36    60    89     6   104    34    73    75
    51     6    10     6    11   129    26    61   128    78    13    85    26     8     8    85    63    62   126   116
    40   123   103     6    64    40    37     6    48   130    63    50   105    34    22    19    92   123    35    48
   102    22    48   116    71    33   110    71    72    47    64    64    99    19    59    98    27    52    34    49
    49     6   127   125    65    48   125    85   114    76    79    65    99    63    59    32    77   117    40    47
    86   114    90    24    45    51   112    25    24    34    89   114    78    84   128     6    63   102    75   110
    63     6    32   124   113    12   125    40    58    91    32   104    91    74    76    73   101    74    72    24
   118    10    73    85    26    21   124    59    39    19     6   125    14    10    75   126   114    99    75    21
   102     6    37   116    11    66    77    51    19   111   125    48     6     6   112   113   123   110   126    34
     8     9   105    19    36     6    72    20    79    92    13    23    40    38    90   126    11   125    64     7
   127    24    35   104   115    51    37    58    50   111     6   117    91    20    22    88    46     6   112    35
     6    46     6   104    36   112   129    26    32    48    62    11    35   103    76   102    89    53   118   125
    48    85     7    20   123   125     6    20    32    39     6   118    62    99   115    86   103    60    11     9
    49    34    62     6    64    75    39   114   103   104   100    61   124    22   105    75    97     8     7   111
   112    25   100    75    87   130    22   116    62    51    98    66    71    46   123     7    72    26   117   128
   104    89    50    51    39   118    66    98    46   129    77   105     9    59   102    65    59    63    34    97
    62   127    71    14    34   113     8    79    73    59    61   111    76    79    74    27   129     6   100    71
    10    14   100    99   102    36    98    62    53    61    59    25    85   112   123     6    72    49    99    45
    66    23    92   102   105    14   104   113    72   104    33   105    47    91    79    12    59   127    74    91
   115   118    92    25     7     6    51    86    24     6    11     6     6    48   102    52    66   128    19     6
   100    38    99   100   125    38    34    26    78    11    12    59    39    37   117   111    90   124    78    91
   123   114   128    60    87    27    26   116    22   110    65    89    62    23     7   102   110    46    85    40
    65    61    88   115    74   124    22   126    52   130    88    10    87   125    36    51   127    97    13    50
    62    73    25   114    52   124    34   115    76     6   114    47    35   105    40    21   110     6    75    88
    37    58    35    87   114    10    76   103   130    87     8    98    51    73    87    23    75   114    39   104
    48    49    11    91   129    23   130    84    47    47   110     6   103   127    24    65    78    12   101    24
    71    13    35   101    50   113    87    64    11    72     8   115   103    72    21   127    75   100    74    27
    90    53   115     7    58     6   112   111    20    64    92    26    74    63    71    53    74    48   130    50
    71    89    49     6     7   112    49    91     6    72    88    36     6    47     6    38    50   103    51    39
