    13    15    32    26    52    38    13    39    44    17    14    48    33    24    13    52    45    20    26    46
    13    48    41    48    39    54    27    31    13    18    32    23    26    28    50    23    46    23    54    25
    47    14    41    16    54    14    19    24    41    34    50    50    50    16    50    49    19    24    32    13
    31    52    53    42    48    40    49    51    16    15    30    38    52    14    14    27    19    19    14    52
    54    17    31    24    19    53    44    18    13    52    40    29    13    45    19    47    20    41    29    43
    32    16    49    31    13    24    49    13    31    29    39    53    13    52    53    28    13    27    40    32
    41    47    25    41    30    47    21    20    50    51    13    41    45    33    23    38    13    21    18    15
    30    44    18    33    31    13    52    30    16    43    48    13    44    23    40    43    17    46    47    30
    48    54    49    53    25    51    29    46    20    41    50    39    30    21    34    29    45    24    21    18
    26    54    27    32    20    16    14    48    30    50    25    22    13    50    53    39    23    21    47    43
    39    17    13    23    50    13    34    49    29    13    40    52    42    40    13    45    34    43    54    14
    15    32    49    49    33    43    49    13    25    25    54    45    21    13    38    52    30    31    38    38
    46    26    54    34    15    41    46    13    33    53    47    16    26    14    18    47    16    54    22    41
    38    52    40    40    17    42    23    47    14    31    28    54    32    53    21    21    18    29    31    22
    22    13    49    13    19    25    51    50    34    29    29    16    51    13    41    29    16    19    44    48
    16    44    13    38    20    40    42    40    26    52    29    48    13    32    14    14    18    28    33    21
    53    16    22    29    44    42    20    42    20    14    13    48    40    27    31    34    54    23    34    40
    33    13    51    48    30    17    13    39    47    32    33    41    13    50    46    31    48    46    43    13
    32    38    15    18    33    31    45    54    13    50    25    34    50    30    23    52    17    49    48    17
    27    22    14    20    54    28    15    34    49    41    31    13    39    16    25    17    29    27    38    14
    27    44    17    28    44    16    19    48    38    17    22    26    23    17    23    44    48    54    31    14
    33    16    46    24    38    53    28    28    40    17    15    27    23    26    16    43    52    49    40    13
    53    46    43    18    13    46    52    19    15    39    27    30    15    14    29    15    14    19    16    17
    21    13    25    54    52    42    22    52    51    48    13    17    13    45    27    53    26    47    30    49
    46    30    49    38    34    23    25    44    38    47    30    17    46    44    17    34    25    21    21    43
    40    32    29    45    39    27    17    13    45    20    44    33    52    47    47    32    23    27    19    31
    40    14    21    21    16    54    16    53    52    28    22    25    28    15    30    21    43    14    13    13
    53    53    45    54    27    30    39    52    49    22    13    18    27    25    38    24    47    42    24    14
    32    42    40    54    19    48    43    13    26    20    20    42    27    13    54    33    16    45    18    41
    25    54    13    31    28    17    30    50    13    13    33    53    29    44    20    24    46    39    23    51
    53    13    49    54    16    47    16    46    17    27    20    53    13    26    44    32    13    52    13    18
    13    13    48    43    52    29    41    17    13    39    13    39    28    52    43    38    15    32    48    13
    29    44    52    25    33    25    18    13    23    19    31    32    40    28    31    33    54    32    39    38
    34    41    51    28    40    14    41    33    53    41    47    13    26    21    13    19    38    21    40    49
    17    16    49    21    48    40    45    25    51    25    13    17    27    29    24    38    19    16    14    27
    34    44    32    33    51    39    51    46    30    42    30    26    13    46    53    14    52    27    39    30
    24    41    24    50    20    46    15    21    34    26    51    27    18    31    16    30    40    38    23    45
    50    50    20    45    14    23    30    52    28    29    25    20    51    13    44    13    45    13    41    33
    13    39    23    28    26    19    33    19    31    44    33    52    47    31    18    15    30    23    51    48
    31    29    47    32    28    26    13    54    48    27    17    28    27    34    14    46    45    30    33    13
    14    23    24    16    26    32    43    54    26    45    46    27    48    24    48    54    15    46    30    41
    32    53    13    17    24    38    54    54    28    13    20    15    31    14    52    16    18    23    47    34
    17    40    30    18    38    49    53    39    44    13    22    13    31    29    13    46    43    44    45    51
    32    32    23    38    41    14    52    13    41    27    46    15    53    23    33    53    43    34    13    17
    28    32    40    41    27    21    15    26    53    40    26    16    33    41    24    14    25    27    52    44
    39    16    29    21    27    43    52    29    43    53    23    48    18    31    34    24    54    40    48    31
    50    48    23    47    13    45    17    13    18    47    54    40    53    32    15    49    54    43    43    46
    47    52    53    19    34    27    38    46    28    17    15    17    46    22    30    27    42    15    25    15
    45    46    47    20    47    46    27    39    13    39    51    28    33    16    49    16    16    41    51    46
    13    24    51    43    20    13    28    28    15    22    39    13    46    30    20    27    13    27    34    53
    31    32    13    34    23    15    50    33    45    28    45    46    38    41    32    19    13    52    49    13
    19    16    24    31    45    20    30    43    28    32    20    44    46    48    19    34    26    16    52    38
    34    51    31    43    13    13    52    43    26    27    28    48    50    38    45    53    20    25    19    24
    44    19    54    48    51    51    15    29    29    19    49    53    48    16    15    43    30    53    43    49
    13    43    53    20    23    20    13    19    29    15    50    28    22    43    16    13    23    52    47    16
    18    16    42    48    54    40    44    50    32    28    30    13    13    20    40    24    49    52    19    31
    46    13    44    28    19    14    13    33    19    29    28    31    16    14    23    27    50    38    32    15
    28    49    45    53    38    53    32    30    53    15    21    34    47    51    23    52    18    53    14    53
    49    45    14    30    23    31    15    29    15    26    33    51    15    40    13    22    31    48    31    22
    21    42    17    13    33    39    51    54    20    43    18    27    39    44    32    25    49    19    23    33
    52    26    48    51    34    13    46    48    19    15    31    52    23    25    16    16    24    46    32    28
    45    33    50    50    22    19    47    26    19    53    32    44    52    45    21    13    26    24    33    47
    49    30    33    30    41    17    53    29    48    48    24    15    19    38    13    49    13    13    18    24
    17    15    38    26    21    21    44    13    34    33    50    24    26    41    54    31    41    16    40    34
    45    13    32    45    34    20    38    45    27    47    45    29    50    41    26    38    28    15    42    15
    24    25    29    38    39    16    15    20    54    32    14    16    44    24    13    22    53    44    46    53
    32    31    13    21    38    46    24    13    31    43    45    44    42    13    43    42    48    38    19    39
    50    15    13    39    47    50    28    41    41    46    22    30    30    13    27    13    29    15    41    40
    22    19    38    38    14    13    47    51    23    46    31    53    43    25    44    51    13    50    14    34
    16    40    54    22    50    47    41    45    49    41    13    23    52    30    15    51    41    17    43    28
    30    16    29    21    52    38    29    33    24    13    44    47    21    25    38    18    52    28    49    32
    40    13    40    18    40    32    28    47    44    14    52    15    22    29    41    13    46    21    33    34
    27    13    14    13    14    54    19    30    53    38    15    40    19    13    13    40    30    30    52    50
    24    51    46    13    31    24    22    13    25    54    30    26    47    21    17    16    43    51    22    26
    45    18    25    50    32    21    47    32    33    25    31    31    44    16    29    44    20    27    21    26
    26    13    53    52    31    25    52    40    49    34    39    31    44    30    28    20    38    50    24    25
    40    49    42    18    24    27    48    19    18    21    41    49    38    39    53    13    30    45    34    47
    31    13    20    52    48    15    52    24    28    42    20    46    42    34    34    33    45    34    33    18
    51    14    33    40    19    17    52    29    23    16    13    52    16    14    34    52    49    44    34    17
    45    13    23    50    14    32    38    27    16    48    52    26    13    13    48    48    51    47    53    21
    13    13    47    16    22    13    32    17    39    43    15    18    24    23    42    53    14    52    31    13
    53    19    21    46    49    27    23    28    26    48    13    50    42    17    17    41    25    13    48    22
    13    25    13    46    22    48    54    19    20    25    30    15    21    46    34    45    42    28    51    52
    26    39    13    17    51    52    13    17    20    23    13    51    30    44    50    40    46    29    15    13
    26    21    30    13    31    34    23    49    46    46    44    29    52    18    47    34    43    13    13    48
    48    19    45    34    41    54    18    50    30    27    44    32    32    25    51    13    33    19    50    53
    46    41    26    27    23    51    32    44    24    54    38    47    14    29    46    31    28    30    21    43
    30    53    32    16    21    49    13    39    33    29    29    48    34    39    33    20    54    13    44    32
    14    16    44    44    45    22    43    30    28    30    29    19    40    48    51    13    33    26    44    24
    32    18    43    46    47    16    46    48    32    46    21    47    25    42    39    15    29    53    34    42
    50    51    43    19    13    13    27    40    18    13    14    13    13    26    45    27    32    53    16    13
    45    23    44    45    52    23    21    19    38    14    15    29    23    22    50    48    42    51    38    42
    51    49    53    29    41    20    19    50    18    47    31    42    30    18    13    45    47    25    40    24
    31    30    41    49    33    52    18    53    27    54    41    14    40    52    22    27    53    43    15    27
    30    33    19    49    27    52    21    49    38    13    49    25    22    47    24    17    47    13    34    41
    22    28    22    41    49    14    34    46    54    40    13    43    27    33    41    18    34    49    23    46
    26    26    14    42    54    18    54    39    25    25    47    13    46    53    19    31    38    15    45    18
    32    15    22    45    26    48    41    31    15    32    13    50    46    33    17    53    34    44    33    20
    42    28    49    13    28    13    48    48    16    31    43    19    34    30    32    28    34    26    54    26
    32    41    26    13    13    48    26    42    13    33    41    22    13    25    13    23    26    46    27    23
    45    22    25    45    23    52    17    21    30    44    22    24    32    41    26    13    17    13    45    26
    41    42    47    13    14    41    15    32    43    21    13    41    19    26    52    13    23    32    34    20
    32    53    45    41    22    52    13    27    13    27    14    16    42    44    21    28    50    52    40    49
    28    25    34    52    52    17    50    25    54    30    47    49    46    41    22    47    19    48    52    46
    44    40    23    17    48    23    53    33    42    51    17    47    22    25    41    28    41    31    22    30
    27    22    16    33    27    54    43    52    39    13    24    31    33    31    18    23    33    48    41    54
    31    51    38    38    45    34    27    49    34    20    20    33    52    46    38    50    39    30    24    52
    24    41    32    28    46    41    45    47    48    32    38    29    38    18    24    13    13    40    40    40
    27    19    31    13    18    20    31    39    15    23    54    15    52    53    46    54    40    44    49    14
    42    51    16    51    13    33    19    15    24    29    40    49    51    17    53    14    33    34    31    27
    52    48    44    18    31    53    13    28    13    54    49    41    48    24    46    50    17    53    13    17
    19    19    24    31    44    32    54    45    13    30    13    42    26    27    13    51    18    42    18    28
    42    47    13    23    50    51    39    41    33    33    39    43    41    24    33    50    33    34    33    47
    51    17    29    30    31    22    24    14    38    25    24    41    49    48    20    29    45    22    39    16
    15    17    22    45    19    27    53    44    44    13    17    47    21    39    18    26    18    51    28    31
    42    16    34    42    30    13    50    41    16    39    26    50    46    45    29    39    31    46    27    50
    20    24    46    15    44    40    41    21    38    13    13    13    50    15    19    50    24    40    33    24
    42    28    31    13    34    21    34    21    39    25    16    51    22    31    38    52    48    29    31    28
    33    17    25    27    50    19    52    38    16    50    43    45    43    22    24    39    24    20    32    40
    13    47    13    13    46    27    29    16    47    24    40    42    18    30    44    31    33    54    19    41
    22    19    43    15    29    31    45    49    28    20    18    15    13    13    49    38    20    33    32    16
    25    20    51    29    29    44    22    17    52    50    30    13    46    33    25    15    33    43    50    19
    13    51    40    44    28    43    46    34    46    45    15    16    28    39    40    25    41    52    43    48
    24    22    24    18    50    47    40    38    32    31    40    13    29    13    31    45    52    38    14    53
    48    13    23    38    15    24    50    44    31    18    46    41    39    22    17    34    28    53    29    52
    33    17    40    40    44    17    29    44    29    53    29    43    22    31    38    18    38    23    18    49
    31    54    13    45    15    26    27    46    48    49    46    20    19    38    45    14    27    15    30    53
    42    13    39    51    28    47    51    33    48    42    32    16    24    26    31    45    27    13    42    16
    41    13    47    13    20    33    52    41    13    45    43    18    17    26    48    27    46    48    46    13
    16    25    17    42    52    31    52    32    26    44    42    29    20    15    44    24    52    14    20    23
    33    20    42    15    29    43    39    43    34    21    24    54    19    46    17    46    40    46    33    49
    13    43    13    19    46    33    13    32    49    13    40    51    27    51    41    43    48    31    13    43
    14    32    21    26    51    34    38    38    49    31    33    42    23    18    26    38    20    49    28    13
    34    49    31    34    50    44    21    28    21    22    13    13    46    42    20    28    34    40    14    18
    45    45    18    50    43    13    19    31    40    50    40    34    15    32    19    34    25    30    41    30
    24    44    24    13    34    48    41    13    15    13    47    31    52    18    17    29    24    26    45    45
    54    54    27    46    16    16    43    41    45    21    21    25    53    48    22    49    26    22    16    24
    47    13    27    44    53    48    49    26    29    24    54    51    43    51    28    42    18    16    18    54
    20    23    22    13    17    22    29    33    45    47    31    23    52    41    45    34    49    29    50    13
    24    24    16    14    29    33    42    16    31    26    22    31    44    27    45    13    20    38    38    48
    48    27    48    18    14    47    20    29    34    28    25    47    53    21    29    53    14    39    39    46
    33    28    49    19    16    50    44    23    21    31    30    18    13    29    19    15    49    46    13    38
    48    46    20    29    23    47    33    39    39    18    42    29    38    45    42    26    14    53    17    40
    33    38    44    53    33    40    17    19    43    52    40    49    17    20    42    51    41    28    14    24
    50    34    47    50    52    47    26    24    13    45    21    19    42    22    31    13    31    19    53    13
    29    44    48    25    18    33    45    44    42    20    32    43    39    54    27    51    24    38    39    13
    26    52    40    22    17    48    40    14    46    23    41    25    52    52    13    20    13    50    51    52
    38    20    26    16    19    52    14    23    26    42    28    45    18    15    24    34    51    43    39    22
    17    20    19    17    20    39    54    19    41    38    33    34    32    47    47    42    18    25    40    29
    14    42    18    15    34    13    46    45    31    32    50    53    45    40    42    29    45    31    46    46
    25    54    32    31    32    49    39    24    15    32    30    51    18    48    53    46    30    28    40    15
    52    40    53    20    44    33    14    32    31    14    32    49    13    43    46    13    29    32    26    52
    18    31    26    45    39    14    54    15    38    16    53    42    44    24    17    17    42    40    38    39
    42    34    44    54    40    38    45    41    49    42    40    48    40    32    48    45    51    44    33    19
    30    17    40    26    21    15    20    49    39    16    50    13    13    44    38    45    47    21    53    15
    21    38    45    29    13    13    13    15    46    26    45    28    20    52    30    46    49    47    28    38
    24    43    26    48    38    51    40    51    29    28    31    48    19    28    48    34    13    13    20    23
    52    29    41    34    52    28    31    48    52    17    48    41    21    30    50    21    49    17    17    21
    16    53    22    17    29    46    16    22    52    13    51    23    20    29    52    42    41    46    51    40
    28    21    18    52    42    31    46    13    18    49    19    20    27    13    49    30    42    33    38    53
    15    28    25    13    24    31    13    13    24    20    13    38    21    46    13    20    13    40    44    39
    22    14    26    26    41    45    23    13    13    19    39    27    23    39    46    45    29    22    39    32
    54    24    53    46    13    44    49    32    30    13    18    46    24    15    53    24    53    28    25    18
    24    45    26    38    30    50    22    49    25    50    30    46    40    28    15    25    26    33    20    50
    16    43    22    34    23    52    42    47    15    45    41    45    43    47    15    28    47    26    54    13
    18    47    53    34    39    39    40    23    27    39    15    51    38    44    42    29    45    23    33    50
    18    33    18    14    54    51    51    48    54    13    41    23    38    13    26    52    24    39    13    47
    20    29    41    13    32    22    52    13    54    14    53    40    26    17    51    26    24    38    26    25
    43    27    28    42    51    44    32    46    34    32    48    13    48    29    43    13    46    47    23    25
    47    21    46    23    39    54    29    30    25    28    26    49    29    23    13    34    24    16    46    45
    17    49    17    26    21    48    28    50    54    25    32    45    17    42    28    40    48    27    16    50
    44    29    13    40    32    19    53    28    23    34    15    33    20    22    38    47    44    13    13    38
    19    47    27    16    25    30    15    49    33    28    25    47    31    17    50    14    17    26    53    54
    53    29    25    17    20    31    13    31    16    20    14    42    28    53    28    34    17    48    13    31
    16    44    26    42    46    38    18    21    39    43    49    13    32    15    20    13    13    45    22    49
    48    42    19    48    18    51    21    21    46    15    47    46    22    51    32    28    28    21    54    44
    50    45    52    14    24    47    29    47    46    45    53    42    43    44    31    14    24    40    20    42
    13    45    40    19    31    23    48    51    14    47    54    40    13    33    53    23    13    16    30    31
    33    45    15    15    21    13    15    45    16    18    15    17    31    16    38    22    26    16    16    28
    34    39    53    50    34    34    53    50    38    23    31    21    45    34    38    22    13    29    23    31
    24    21    13    41    22    15    38    13    28    13    54    20    29    39    13    49    27    41    52    32
    33    13    44    28    40    23    21    13    13    45    38    16    28    44    54    20    50    32    13    39
    17    45    26    44    33    44    14    42    45    25    18    45    29    14    23    43    49    13    42    14
    17    28    47    38    24    20    34    29    33    51    18    28    13    48    54    32    44    20    23    31
    17    47    45    24    13    19    33    13    24    17    15    54    45    48    44    34    16    53    38    21
    51    31    14    44    51    22    23    26    26    44    51    13    38    14    15    19    49    33    54    19
    46    21    13    38    40    32    21    13    32    45    49    23    41    29    13    14    33    47    34    13
    48    47    23    53    38    15    15    22    13    54    54    42    47    39    13    19    54    44    23    15
    25    34    17    48    39    30    13    31    13    24    26    54    27    26    54    34    44    18    50    25
    52    45    16    43    47    50    42    31    20    47    20    14    13    38    21    13    45    46    24    52
    21    22    13    15    29    33    34    54    53    30    23    41    13    49    45    18    30    27    51    39
    13    51    30    13    49    16    30    33    51    30    50    45    25    41    31    51    43    13    34    28
    47    25    29    33    43    34    20    47    54    16    15    22    34    17    42    21    22    42    48    22
    32    16    27    42    14    22    18    33    39    23    23    32    14    13    44    48    51    24    39    32
    41    51    29    50    49    26    13    41    31    33    44    46    24    31    46    38    20    13    39    18
    52    30    27    23    50    44    47    54    31    20    25    17    19    39    46    39    30    20    14    33
    28    17    51    21    21    43    42    27    26    45    45    21    44    33    25    48    13    25    41    14
    19    51    43    40    13    44    18    52    13    26    47    51    40    52    47    32    33    43    22    20
    33    50    16    54    34    13    40    43    32    40    31    39    16    31    46    20    53    25    17    26
    33    20    41    38    39    13    22    16    26    33    34    22    38    16    34    20    45    50    43    27
    40    28    32    30    24    49    45    29    29    23    23    49    14    51    41    45    47    40    43    51
    39    53    54    38    47    30    53    30    23    51    53    13    43    19    54    27    28    53    13    53
    15    16    42    53    41    48    13    41    24    25    49    24    54    25    32    33    34    18    16    17
    18    13    44    24    17    47    32    47    26    43    20    47    13    13    26    14    46    17    24    32
    26    13    33    53    48    47    42    54    25    53    14    31    50    31    20    33    13    15    15    13
    43    50    19    24    23    45    33    46    20    40    49    47    31    41    34    42    34    15    49    31
    21    26    33    39    49    14    19    39    42    27    51    32    16    42    44    39    22    24    29    31
    32    13    43    23    52    26    24    39    47    27    25    23    30    27    22    19    16    18    42    13
    27    25    45    19    49    44    13    45    46    18    14    14    44    50    31    20    16    19    16    27
    21    53    38    45    13    22    30    46    49    26    27    25    13    25    53    27    51    17    28    17
    20    53    28    13    32    16    48    47    13    47    40    18    31    52    15    53    29    29    25    14
    52    13    33    44    42    48    30    14    17    16    19    41    16    50    53    51    24    46    40    28
    23    21    17    42    30    43    47    40    25    51    24    54    50    45    19    15    19    26    53    26
    43    16    27    30    26    54    13    52    13    30    51    46    45    45    23    30    50    38    52    14
    17    24    38    22    42    30    21    16    46    38    27    19    29    32    48    17    39    52    53    47
    42    21    16    34    45    33    28    20    22    25    48    40    19    17    51    27    46    13    47    25
    48    32    23    45    14    45    17    29    17    50    50    27    28    20    39    28    30    29    52    29
    27    15    17    21    31    33    54    41    45    28    52    30    15    32    13    19    13    15    24    24
    27    13    40    16    13    53    50    26    24    34    45    24    32    23    38    27    13    27    32    29
    27    14    30    19    52    52    30    30    26    34    46    53    32    14    21    23    20    51    43    49
    46    13    52    27    52    25    22    25    46    30    33    15    13    16    25    42    13    47    48    15
    47    26    54    29    47    23    18    15    26    48    41    20    23    17    15    21    44    16    42    42
    13    46    22    50    25    14    40    39    25    21    53    26    13    43    24    13    13    13    54    32
    41    30    50    33    22    29    13    27    48    41    54    22    50    27    52    43    42    43    33    26
    49    13    48    22    13    15    33    20    52    26    39    31    18    24    47    49    16    15    13    14
    18    49    27    18    22    33    31    21    42    15    31    28    39    16    30    27    28    20    32    27
    17    14    46    52    32    17    14    13    27    42    49    33    24    14    54    51    18    29    38    38
    17    29    46    15    52    27    14    34    30    45    44    27    23    52    25    33    45    41    27    43
    27    16    32    32    41    13    38    33    17    47    34    15    47    46    16    49    27    29    46    28
    41    43    41    30    43    49    21    24    13    28    41    21    44    23    46    47    34    29    38    16
    32    45    40    15    15    40    13    20    34    25    27    24    21    24    49    38    17    26    13    34
    23    38    25    44    30    13    19    49    43    49    21    22    31    44    27    27    25    26    39    23
    21    34    17    38    13    50    27    49    29    26    33    19    25    49    38    28    46    17    19    54
    22    26    51    48    52    47    53    17    22    48    30    50    32    43    14    25    33    54    30    43
    22    38    18    13    54    19    25    41    47    16    47    43    21    17    27    28    53    24    43    25
    34    32    15    26    33    38    19    53    38    24    48    27    13    46    40    52    34    30    23    24
    27    29    40    14    46    28    53    47    31    41    13    23    48    44    33    40    32    16    49    26
    13    18    27    24    33    45    51    43    23    25    28    25    32    13    50    41    17    44    52    15
    16    28    40    23    53    20    32    19    13    20    47    34    18    30    45    28    38    23    13    13
    26    39    48    41    13    51    43    24    54    22    53    48    44    16    45    25    20    13    13    51
    22    40    33    15    23    42    45    54    13    46    51    13    19    23    21    14    25    47    39    39
    32    23    23    23    44    33    43    28    38    47    41    25    30    15    14    19    32    52    38    15
    48    45    44    22    47    24    15    15    21    41    49    23    24    20    18    27    32    54    31    13
    23    39    32    19    33    15    48    46    32    13    23    32    49    33    20    13    31    13    49    25
    18    49    49    27    29    22    17    38    52    50    43    19    44    38    54    38    25    41    46    30
    23    51    15    44    51    27    24    49    26    26    52    45    23    45    49    38    38    49    31    14
    27    48    24    28    48    22    15    15    19    51    40    44    49    54    23    22    16    13    41    25
    26    49    52    13    28    44    50    13    13    25    23    45    19    34    38    13    49    34    51    54
    28    30    38    15    33    52    34    21    50    19    25    31    21    53    21    14    47    44    45    39
    50    50    17    25    42    22    39    34    48    34    34    17    41    43    29    53    44    39    40    40
    13    24    41    44    50    44    33    19    23    39    16    40    42    16    13    52    25    51    14    40
    27    16    13    54    27    47    19    32    32    22    13    45    54    32    28    53    20    19    31    48
    24    14    45    49    54    24    54    13    25    28    32    45    21    51    23    15    27    14    26    13
    42    29    14    13    25    53    44    20    24    52    45    31    13    27    32    22    20    13    50    13
    27    17    28    39    25    46    54    13    49    50    48    53    38    13    15    53    14    49    13    52
    24    25    13    50    15    39    49    21    42    45    42    38    49    48    42    31    33    51    46    33
    28    26    28    32    42    26    48    28    53    41    31    47    16    13    39    13    26    23    40    25
    13    19    51    42    28    27    33    23    47    13    33    21    17    33    53    39    45    20    33    53
    32    51    45    52    24    24    22    33    13    43    13    15    45    48    16    13    45    17    53    41
    17    32    19    27    22    13    26    49    44    47    18    13    43    43    49    15    33    17    29    38
    45    51    31    14    46    53    14    34    41    20    34    49    46    24    13    40    17    23    54    28
    25    39    47    31    47    14    21    38    24    53    20    27    52    52    47    52    13    34    30    15
    52    13    53    43    47    13    16    16    51    53    17    29    18    31    27    47    30    13    23    42
    13    53    52    22    22    45    53    52    24    41    39    14    41    16    29    38    18    24    44    27
    46    52    54    50    16    44    52    29    38    50    45    47    47    43    20    24    25    51    53    22
    34    13    45    20    28    14    46    26    45    18    20    39    45    30    48    48    47    17    41    51
    13    25    23    15    26    29    38    13    52    25    26    18    46    42    20    22    28    26    27    46
    44    14    30    31    29    44    25    40    53    51    28    27    50    26    50    17    25    40    27    34
    46    41    17    38    48    24    20    30    13    17    25    39    13    23    21    26    20    53    41    16
    29    24    53    29    51    43    47    31    26    13    52    28    19    41    39    41    47    26    41    22
    50    52    18    42    31    22    13    16    22    48    13    24    40    16    29    40    22    15    34    28
    47    22    40    24    50    23    47    32    30    27    21    38    18    27    32    38    42    26    53    50
    25    32    15    33    49    30    42    17    25    20    42    44    38    25    26    54    22    30    53    29
    44    18    45    20    16    51    54    50    42    52    13    47    43    44    54    46    41    46    48    45
    53    25    16    26    52    54    31    26    14    32    17    42    54    44    20    54    51    45    50    29
    54    24    26    19    40    13    18    18    53    17    32    25    44    49    40    43    30    52    30    23
    13    39    27    45    28    44    38    24    23    43    33    13    24    33    44    50    52    13    52    16
    13    21    13    26    25    40    23    26    29    53    15    28    13    20    29    13    33    18    25    42
    46    47    43    17    22    13    41    14    22    46    13    16    44    29    41    13    50    54    17    29
    25    17    39    25    32    16    42    31    54    17    25    50    39    21    49    29    26    15    13    27
    17    41    19    23    30    22    13    53    21    50    28    13    17    25    47    21    27    45    24    22
    41    43    25    26    20    13    13    33    15    33    29    13    14    24    49    31    17    15    32    33
    51    51    15    13    42    27    52    15    50    42    47    20    52    25    22    30    39    49    32    39
    22    39    50    16    42    24    24    54    48    23    27    42    31    23    31    21    20    18    16    19
    52    22    46    15    40    13    51    38    33    52    51    51    39    20    33    54    18    47    39    43
    26    38    39    32    43    13    28    32    22    19    44    23    28    44    39    13    47    33    13    51
    49    23    23    13    15    41    14    27    47    23    26    22    33    15    25    40    14    46    13    38
    30    28    29    32    44    24    33    48    29    45    42    13    24    34    19    24    21    13    54    26
    13    46    32    53    53    49    48    14    22    14    25    32    14    33    30    45    19    52    14    27
    42    25    17    17    24    39    22    47    28    43    33    22    24    54    51    13    15    33    17    27
    52    13    24    18    13    23    31    45    16    54    30    27    23    30    31    52    43    22    51    28
    42    13    27    27    50    24    42    46    28    45    46    13    13    21    13    31    45    24    21    17
    46    48    33    25    13    22    33    24    13    38    49    13    47    20    49    43    43    19    31    45
    31    40    14    48    31    31    27    49    21    48    48    24    41    17    30    39    31    25    13    44
    14    49    54    48    48    32    53    19    24    44    29    14    38    43    47    13    34    24    31    52
    42    51    42    50    30    38    38    13    15    28    50    16    16    47    54    19    25    26    17    48
    49    31    46    25    47    30    13    27    13    47    15    15    34    29    39    14    25    13    30    19
    50    34    48    38    51    51    17    13    34    13    17    38    47    28    40    24    45    29    22    45
    13    22    34    50    39    51    16    46    29    39    17    34    25    53    49    17    40    52    22    41
    16    50    50    45    30    51    25    54    33    44    48    19    14    15    33    43    54    13    51    49
    48    54    20    38    26    24    51    15    54    34    39    40    39    13    27    52    43    17    39    51
    44    13    49    19    32    15    19    41    53    46    54    46    40    28    38    24    30    33    22    21
    39    13    34    31    18    51    54    33    15    46    17    22    22    49    24    46    18    30    23    32
    46    39    25    46    22    23    43    22    32    49    46    53    24    14    46    48    49    29    44    38
    38    28    43    46    25    13    26    32    26    22    43    25    48    33    44    14    17    44    30    14
    41    19    17    49    44    42    42    18    50    16    31    25    43    50    47    43    29    23    17    54
    28    19    34    49    34    51    53    46    13    28    48    24    30    13    39    53    47    20    25    48
    41    54    13    50    50    33    19    54    45    53    24    30    13    21    22    18    45    42    28    49
    38    21    23    15    47    21    22    38    27    28    40    24    16    54    13    25    39    45    20    28
    46    13    18    22    53    46    17    30    21    13    53    52    40    47    30    39    46    16    18    40
    48    26    15    50    43    49    31    54    49    41    53    40    15    47    39    31    45    14    19    42
    54    48    48    46    54    38    20    33    26    33    29    54    47    21    33    30    13    47    39    39
    48    54    47    13    14    30    39    48    28    45    13    22    31    32    34    45    15    28    50    29
    54    44    51    52    13    54    30    41    21    47    44    13    24    24    42    30    20    50    14    52
    27    38    28    13    18    54    27    13    43    49    53    27    34    34    52    51    50    41    15    15
    29    27    25    27    51    49    24    24    41    15    20    24    25    24    48    33    54    15    29    14
    25    32    41    39    20    25    27    53    26    24    17    16    39    17    15    38    41    40    13    43
    40    53    38    21    24    50    50    54    54    51    30    17    16    52    52    44    15    49    38    32
    54    28    32    17    13    54    17    13    49    29    54    46    46    14    50    13    17    32    13    31
    13    52    50    30    20    14    53    20    13    51    13    28    51    30    16    42    31    30    16    28
    13    22    25    32    51    32    30    19    38    13    29    53    25    50    52    47    39    28    52    54
    46    20    13    54    49    49    46    23    18    18    48    13    25    40    24    41    45    27    18    38
    28    47    27    33    45    30    13    25    48    25    15    51    18    49    23    29    48    29    18    21
    33    13    17    48    14    41    25    28    31    52    41    45    14    49    14    54    38    13    41    28
    24    23    53    31    49    26    48    19    45    47    20    29    39    15    43    29    50    38    25    18
    46    13    38    31    30    23    13    48    39    38    50    21    26    47    41    13    34    16    22    49
    15    38    13    33    44    15    15    54    34    13    24    47    23    41    38    23    17    34    13    17
    13    49    43    43    30    46    13    40    47    53    45    53    34    22    32    48    13    54    27    22
    38    31    15    25    45    42    33    26    50    50    32    53    48    13    28    42    23    40    26    40
    30    23    18    44    17    24    52    13    22    45    44    13    28    27    50    42    27    17    33    50
    49    52    52    17    34    50    46    48    44    45    50    46    45    54    32    19    51    26    49    38
    21    18    24    46    40    27    33    22    32    50    43    28    51    13    27    17    44    13    51    14
    54    15    41    42    31    14    39    30    27    30    30    39    46    40    27    29    18    42    13    13
    38    53    14    43    33    34    22    17    13    39    33    40    30    23    54    21    34    43    18    31
    40    16    34    30    26    20    27    42    42    34    45    46    42    20    17    46    19    21    54    13
    24    13    31    51    15    16    33    30    13    23    43    16    53    30    21    42    19    13    28    32
    14    17    18    44    13    43    24    51    34    42    53    43    27    33    51    40    23    51    51    50
    40    15    32    27    51    30    49    30    48    32    20    20    24    40    40    13    51    14    14    42
    13    22    13    26    17    49    39    18    40    42    16    42    42    38    39    13    26    27    25    53
    20    19    39    46    30    40    16    24    22    18    45    51    34    33    25    53    20    31    32    52
    40    16    33    24    14    49    43    31    33    22    26    18    39    24    29    30    13    54    26    13
    40    42    21    46    15    39    14    45    33    14    49    14    40    46    52    39    34    32    27    52
    23    24    33    54    28    34    19    19    19    30    22    40    46    16    21    25    29    47    39    32
    34    17    33    39    32    26    52    23    40    34    39    33    41    18    28    44    13    23    13    38
    33    21    52    45    30    15    40    40    31    50    24    42    15    25    49    24    34    38    50    44
    17    45    40    24    44    48    46    47    22    51    47    32    22    34    47    21    38    52    15    13
    31    21    49    54    33    34    39    24    15    15    39    45    27    28    44    19    54    32    40    45
    23    24    21    33    31    18    15    25    45    43    43    46    34    52    30    14    18    16    29    33
    40    14    45    30    50    13    41    44    16    23    32    18    44    18    43    44    42    31    33    34
    43    13    34    27    43    51    44    31    15    15    34    40    41    23    43    16    48    43    14    46
    21    52    17    48    52    41    45    25    22    26    17    13    23    17    53    44    18    18    44    15
    13    13    13    27    31    28    23    28    53    22    42    27    44    49    22    31    13    31    25    18
    29    21    32    38    13    31    13    46    27    13    22    54    32    27    26    13    15    31    21    38
    20    29    49    24    41    20    30    46    13    15    25    39    32    53    34    54    19    50    40    25
    29    13    49    19    17    27    33    30    52    24    17    51    23    53    13    27    26    26    30    43
    25    20    18    54    20    30    33    17    46    31    28    31    14    21    44    45    24    18    28    40
    13    31    51    21    14    52    52    49    39    54    26    28    29    54    44    48    13    23    28    38
    19    32    46    50    25    31    22    50    21    13    31    39    16    31    42    40    28    45    25    54
    28    23    39    13    47    47    43    30    14    23    45    46    16    13    14    18    42    48    52    21
    34    13    31    21    14    31    18    15    51    22    15    54    51    17    15    42    33    31    27    47
    22    39    39    40    27    40    33    39    15    13    29    43    43    49    29    13    31    25    42    13
    19    47    47    31    23    14    44    19    34    44    45    13    45    13    50    50    19    18    21    25
    52    27    38    47    18    52    18    24    34    33    20    32    54    52    31    54    25    33    52    48
    38    23    43    33    14    13    41    46    25    28    13    38    44    28    39    34    16    24    46    18
    30    42    17    25    20    49    30    31    45    21    29    27    27    51    44    53    21    21    45    50
    52    41    45    25    16    24    46    16    33    22    34    27    23    39    29    41    25    27    43    41
    47    20    17    50    28    26    14    40    18    18    13    50    20    23    45    53    18    32    24    44
    22    14    40    13    54    33    51    47    27    39    21    17    19    21    34    51    34    30    42    52
    43    39    31    16    13    44    18    17    45    40    14    46    26    53    13    48    24    45    40    45
    22    44    23    50    24    30    26    17    13    23    14    49    28    28    43    28    32    18    45    19
    53    18    17    23    40    29    30    46    32    43    13    22    18    47    29    40    51    34    13    13
    17    44    24    21    16    54    47    32    28    22    24    14    24    27    53    14    23    21    34    38
    25    53    52    26    39    23    25    19    44    15    50    34    13    47    41    43    17    51    38    51
    47    47    28    15    34    27    38    40    20    31    21    24    26    38    30    53    40    26    24    14
    34    13    39    24    44    31    31    16    24    41    24    17    38    40    14    25    25    44    22    33
    42    13    44    15    13    32    54    39    33    38    21    15    29    41    18    26    16    54    47    31
    32    19    21    40    26    14    41    47    39    23    31    43    28    19    26    16    28    20    16    46
    45    14    18    31    53    29    13    44    17    31    45    38    34    28    13    27    45    45    48    19
    21    23    15    19    52    52    21    53    19    14    15    49    29    26    53    26    50    13    40    13
    45    22    15    20    52    28    17    30    20    24    52    33    53    23    27    51    39    30    51    15
    15    25    20    18    17    38    30    17    24    39    25    34    42    42    13    47    50    22    21    20
    28    31    13    51    25    21    13    22    26    21    50    47    34    28    13    28    34    20    54    34
    44    32    26    22    38    53    33    44    15    13    48    38    16    29    14    16    13    43    47    24
    14    15    26    18    44    28    20    22    18    19    26    24    13    54    47    31    27    30    44    52
    13    48    31    21    14    26    52    39    39    20    24    17    49    18    25    49    38    27    13    54
    47    13    30    18    27    26    17    22    16    46    13    33    51    21    49    50    23    13    33    45
    27    43    29    50    43    13    48    44    52    26    28    33    52    39    34    39    34    45    24    49
    42    28    28    51    40    39    38    26    50    23    14    31    14    47    46    39    33    44    33    13
    31    28    19    28    49    46    16    47    39    26    27    28    26    38    45    29    52    38    41    29
    49    24    38    34    41    25    13    31    53    33    40    24    53    17    16    22    26    22    18    54
    51    22    40    43    26    16    50    43    51    48    23    19    25    42    46    42    50    41    32    22
    14    47    45    17    23    31    45    54    40    22    26    13    29    30    22    31    13    15    40    16
    13    25    13    18    33    28    49    44    44    49    18    17    48    45    54    23    46    16    49    54
    15    16    31    19    38    15    33    38    24    53    15    49    31    13    50    47    33    47    24    27
    33    32    21    41    20    24    41    13    13    34    43    32    20    31    45    16    24    53    49    49
    28    20    46    13    21    13    14    25    18    25    52    33    31    13    53    53    52    30    21    51
    25    22    14    49    48    51    42    46    27    24    34    31    38    42    53    49    43    49    52    13
    28    51    16    18    13    52    16    21    48    13    49    20    13    21    45    53    25    23    50    13
    27    41    44    33    13    16    48    13    21    13    15    16    43    38    18    21    45    44    50    54
    20    18    42    51    13    14    16    20    32    28    53    50    15    53    13    46    16    52    29    30
    19    18    32    32    38    54    13    54    39    13    50    14    26    23    51    23    48    19    23    15
    42    34    33    21    14    25    51    42    13    16    24    45    16    45    16    30    33    41    43    40
    13    26    23    26    42    46    30    19    38    38    23    38    40    48    13    49    50    26    52    52
    17    17    21    40    19    46    33    41    16    21    27    33    17    38    28    29    41    51    17    49
    18    28    18    19    51    43    52    52    21    48    50    46    32    14    38    13    20    27    48    46
    30    21    14    13    14    44    38    34    53    23    44    19    52    14    41    22    24    18    39    22
    24    48    48    24    38    48    13    32    26    43    13    38    27    32    34    53    54    51    49    13
    42    14    25    20    50    31    17    28    53    46    13    42    40    54    50    15    50    47    28    24
    53    40    49    45    39    13    13    18    42    27    54    34    51    38    39    23    17    22    21    46
    40    30    32    32    34    22    13    34    31    13    23    49    21    54    29    25    16    28    21    39
    22    14    47    43    41    32    23    32    52    38    23    16    14    34    13    52    45    26    24    13
    13    19    21    19    52    27    23    29    20    44    13    34    43    13    50    42    48    23    18    23
    26    15    29    20    49    52    17    23    48    17    15    51    13    26    20    13    43    32    23    44
    13    31    52    19    26    24    50    13    14    39    15    52    45    52    20    47    44    51    23    40
    13    24    42    14    13    27    14    47    27    19    49    50    46    15    13    34    46    46    13    38
    17    51    31    25    31    18    23    14    26    18    53    43    13    23    48    13    31    54    46    17
    41    29    13    30    21    47    15    29    33    28    49    13    13    25    27    17    13    46    41    40
    26    38    26    22    42    21    45    40    21    40    31    33    28    27    18    21    27    34    49    38
    26    48    43    18    21    15    24    27    47    32    48    33    15    51    39    44    20    41    26    34
    26    47    47    42    22    49    41    18    13    13    41    13    44    24    27    13    53    29    40    45
    25    13    15    38    49    13    44    42    22    30    38    45    21    28    13    40    15    13    31    47
    22    18    52    33    38    28    24    40    28    25    13    53    33    25    51    15    15    41    19    26
    40    30    51    24    13    29    17    20    15    20    30    39    47    34    41    44    14    27    30    54
    13    51    13    14    34    18    26    14    20    39    26    17    45    20    42    28    33    38    40    51
    50    45    50    16    16    54    43    15    41    48    21    38    32    47    18    49    20    32    33    13
    23    15    26    19    42    18    13    44    17    18    39    23    13    24    13    38    13    40    40    21
    23    23    13    13    48    34    13    17    32    26    32    43    13    41    50    22    13    45    48    14
    41    15    17    52    13    50    41    27    23    27    41    54    53    17    39    34    15    46    32    34
    21    48    24    49    20    49    46    15    30    29    50    17    38    30    48    32    54    28    40    13
    40    47    43    30    23    54    50    17    43    32    21    44    47    43    13    27    17    24    45    18
    54    47    24    29    45    15    43    52    49    46    34    23    42    30    53    54    38    19    18    24
    34    51    25    13    33    42    32    26    43    21    18    41    27    14    28    46    54    38    43    19
    44    22    38    32    45    24    48    22    38    14    46    45    28    13    20    27    30    42    52    24
    25    31    13    54    33    42    53    18    23    44    46    48    16    27    24    13    16    17    13    46
    50    47    13    49    32    27    43    44    40    30    32    54    31    38    22    24    13    33    24    46
    47    21    30    43    22    32    43    42    19    42    24    32    20    50    22    43    15    14    47    15
    33    47    19    27    16    13    28    39    30    27    33    41    13    25    13    40    51    32    21    17
    28    43    29    29    47    51    17    46    24    34    30    23    27    26    19    27    28    50    46    49
    45    40    18    25    23    33    18    18    13    26    52    15    29    43    26    54    14    16    41    21
    28    43    44    47    54    22    44    30    25    46    45    54    29    46    21    23    38    29    45    16
    47    45    49    14    52    17    23    20    48    22    38    39    41    30    26    54    22    15    54    18
    23    40    15    13    30    39    45    13    48    53    18    46    39    23    15    52    44    44    30    41
    30    15    39    30    32    13    28    46    53    15    17    13    46    50    19    26    47    38    42    40
    50    13    20    47    13    47    30    49    22    21    24    49    20    13    17    20    40    40    27    17
    13    24    49    41    48    51    38    21    38    46    17    22    15    50    44    51    31    28    51    25
    41    21    41    24    38    45    21    23    19    22    47    30    29    39    40    13    43    40    51    42
    19    15    13    40    53    49    47    38    13    25    48    49    18    31    13    30    53    28    52    42
    18    18    13    54    22    26    24    49    34    53    30    24    41    25    32    30    28    21    30    42
    32    32    43    17    21    27    49    13    22    15    41    44    13    29    47    44    13    34    39    39
    29    53    34    46    13    40    40    46    13    43    20    54    13    54    19    22    32    48    13    40
    48    17    51    17    28    23    51    18    27    28    30    34    38    38    38    30    44    15    20    30
    23    13    52    40    21    30    39    47    34    23    22    53    13    18    51    30    27    32    19    24
    31    19    53    19    22    19    53    13    15    25    54    52    32    43    50    45    34    32    50    25
    53    23    34    13    54    28    13    43    13    19    18    34    45    46    20    19    13    13    31    33
    29    17    27    41    53    20    51    41    25    23    18    53    22    13    21    24    46    18    20    27
    39    13    32    43    43    47    26    17    42    30    25    28    13    16    26    18    20    28    24    29
    31    23    31    47    16    48    21    40    30    49    32    44    44    43    19    46    39    14    14    34
    17    17    21    42    24    53    31    16    19    16    34    39    43    33    18    24    27    31    14    39
    14    22    13    13    13    44    43    42    18    48    19    34    23    41    13    44    44    47    25    16
    14    28    47    13    26    13    45    30    14    46    46    38    46    31    43    13    52    17    47    32
    30    27    27    46    22    38    33    22    33    25    34    15    32    41    20    44    38    15    22    50
    43    52    21    40    43    18    30    42    19    15    20    26    47    46    26    44    51    20    39    19
    13    13    46    44    24    40    54    20    13    22    50    28    39    22    48    13    22    30    47    13
    31    17    29    24    30    19    16    25    29    44    15    42    43    22    13    52    20    26    34    34
    51    25    42    43    13    49    43    50    43    44    34    52    20    14    52    27    43    24    24    50
    46    34    27    45    32    51    52    53    21    19    43    28    26    16    49    33    43    20    21    52
    23    28    30    27    45    22    17    31    13    54    48    18    54    23    34    17    21    44    48    26
    27    50    46    34    29    45    21    19    13    41    54    13    21    15    47    19    43    31    43    45
    27    30    30    43    39    40    13    46    15    52    13    23    40    39    42    52    17    38    30    30
    13    27    27    22    23    25    25    26    13    15    15    13    13    19    22    15    38    28    52    31
    13    43    44    21    17    54    24    29    19    50    16    13    17    13    40    47    54    13    16    15
    46    32    42    43    52    38    14    24    33    41    19    38    52    18    23    41    21    13    49    33
    24    31    27    31    29    54    40    13    42    49    49    27    54    17    19    30    31    49    28    25
    46    18    40    30    39    52    31    20    13    40    40    50    40    34    44    31    45    24    34    38
    45    30    34    51    13    45    20    21    45    47    48    40    13    43    47    47    33    28    16    29
    52    48    41    45    23    13    44    42    49    30    29    53    34    26    17    23    24    13    33    14
    52    33    42    20    21    30    38    15    54    23    49    33    33    52    13    14    33    18    47    31
    40    13    52    15    15    44    44    18    21    31    39    49    18    23    13    20    13    19    39    25
    51    52    32    54    48    15    25    44    39    27    13    22    30    44    31    15    13    13    15    26
    54    47    29    52    16    40    53    29    27    26    32    42    52    54    13    13    30    49    47    49
    13    13    21    45    13    26    51    13    41    54    13    46    39    23    25    13    44    50    45    20
    43    23    34    28    32    16    39    42    51    18    21    15    45    19    18    42    46    46    15    50
    29    41    26    49    17    21    13    31    49    49    49    40    14    45    41    28    43    21    26    26
    13    29    33    20    49    53    42    25    23    16    45    24    24    34    44    38    50    29    47    32
    38    24    41    19    39    18    20    50    28    23    23    14    48    13    13    14    29    13    50    20
    42    25    15    18    49    47    24    47    50    26    54    54    13    39    21    23    29    51    42    50
    52    48    14    40    13    52    21    17    51    42    34    45    24    27    42    44    26    34    31    49
    13    49    48    34    21    21    47    13    15    25    41    27    15    42    27    24    34    49    14    54
    40    49    53    44    52    25    14    31    14    28    33    40    23    18    13    23    15    51    49    41
    30    13    13    48    50    54    26    21    18    45    25    15    20    28    24    31    18    50    18    15
    45    26    52    23    29    52    29    25    48    21    23    53    23    26    20    29    13    19    22    50
    39    19    18    13    44    41    38    52    26    13    28    49    50    47    16    30    17    34    29    29
    27    25    30    27    52    27    52    34    22    39    20    13    29    26    50    43    13    51    50    38
    29    20    28    14    34    22    27    16    54    13    18    24    20    29    44    20    41    15    22    28
    28    20    44    21    42    13    40    25    23    22    40    14    32    52    23    20    22    44    30    18
    50    34    38    14    33    34    47    42    19    42    27    17    53    21    39    29    41    44    19    52
    31    20    15    50    38    31    47    13    16    34    24    54    25    15    43    27    38    49    27    48
    54    51    41    47    44    15    29    46    49    18    40    16    15    53    13    53    13    43    15    32
    18    45    16    30    19    23    22    24    13    42    46    43    19    52    13    27    18    17    20    39
    23    21    18    34    29    21    28    46    16    23    52    13    19    29    18    30    25    25    16    15
    44    40    47    28    31    44    29    22    31    46    27    48    13    21    17    21    47    33    27    39
    21    29    14    15    13    54    43    27    13    24    32    34    24    27    49    28    33    34    31    31
    20    34    41    30    42    18    16    40    29    51    39    42    41    28    40    42    13    42    31    41
    33    32    33    18    22    41    20    13    22    22    14    26    49    19    30    34    14    29    18    32
    49    50    27    41    38    25    28    17    43    16    19    21    14    26    47    40    25    28    23    49
    33    22    23    15    45    19    13    54    22    16    50    18    25    29    14    49    18    13    29    47
    27    34    29    40    21    45    51    45    45    25    41    24    15    20    31    13    13    19    29    22
    40    47    21    30    16    29    19    32    46    50    32    31    20    38    16    28    47    29    39    53
    14    40    30    20    20    18    21    26    52    48    33    13    39    33    48    54    45    33    19    15
    47    13    17    47    23    50    33    42    46    40    13    42    32    13    14    13    19    32    27    25
    24    13    29    44    45    53    41    54    25    54    50    40    39    13    25    34    25    39    41    27
    13    18    13    16    13    19    17    42    31    21    17    33    18    47    29    33    45    13    47    39
    33    52    17    26    13    17    34    33    39    51    24    16    26    22    13    27    34    54    41    15
    20    19    13    44    51    42    27    22    47    13    31    39    15    49    46    13    43    38    47    45
    54    49    26    13    13    52    21    40    29    38    50    23    45    52    40    29    39    14    51    22
    18    16    21    30    27    13    13    39    13    53    15    15    39    51    33    27    43    17    16    41
    40    39    31    25    44    47    43    47    21    21    41    19    32    30    13    25    16    20    14    46
    45    30    13    39    46    18    48    13    27    23    28    13    20    17    15    45    50    32    47    34
    28    50    14    53    15    54    52    27    31    50    51    13    33    51    54    42    47    54    26    17
    51    23    53    26    42    24    38    28    16    22    52    47    49    23    18    53    41    14    38    32
    26    18    18    45    42    28    22    19    31    13    48    29    30    49    48    27    31    52    22    52
    40    47    31    29    20    32    32    18    44    49    18    13    32    34    44    45    16    25    52    31
    23    46    50    48    32    22    19    16    44    13    53    13    30    44    19    15    13    54    41    33
    28    32    38    46    28    51    54    21    41    51    49    42    17    31    46    51    54    16    42    41
    50    14    13    21    39    14    14    15    40    24    30    30    41    32    19    32    16    26    24    17
    50    44    21    30    30    45    16    13    31    52    40    18    25    50    16    38    16    31    38    54
    45    53    54    48    24    20    42    39    42    26    48    48    16    18    22    40    24    52    38    46
    31    21    33    38    48    27    20    23    21    43    48    19    40    40    22    14    13    18    40    13
    19    53    54    27    52    52    53    23    26    34    45    46    41    39    14    50    53    42    31    54
    26    25    46    20    17    52    29    28    16    43    48    19    33    22    29    45    30    51    15    54
    45    31    51    30    27    53    17    38    47    17    45    34    44    21    34    42    30    40    15    34
    48    28    13    16    16    51    50    49    18    51    48    16    27    20    13    42    53    48    51    52
    24    22    17    43    52    39    20    40    45    21    26    13    42    44    31    38    13    54    26    15
    32    45    38    31    52    52    42    13    25    28    42    17    39    40    23    14    22    23    32    34
    18    44    23    26    40    54    26    13    14    13    25    20    16    51    21    54    19    28    25    28
    44    49    50    49    16    41    48    25    32    25    40    33    16    15    14    17    45    13    30    40
    26    26    20    28    27    13    26    13    42    41    24    15    16    46    45    49    28    13    15    53
    13    49    44    22    45    16    13    15    31    53    20    13    16    33    38    25    48    52    54    16
    13    31    24    48    40    39    50    13    41    24    53    21    31    27    48    29    19    32    48    43
    13    31    44    33    45    26    24    38    34    29    41    48    39    39    46    34    49    15    41    17
    48    27    38    46    49    28    22    27    23    45    45    38    42    52    22    47    41    41    44    29
    14    13    25    40    23    43    33    39    33    14    23    43    53    53    33    34    29    31    26    15
    33    14    29    14    14    48    44    49    15    48    25    13    33    48    45    21    18    26    19    17
    31    23    38    43    25    52    45    15    45    39    13    41    46    27    45    49    20    49    42    28
    53    52    45    23    18    38    15    13    13    53    21    48    18    31    27    34    44    14    17    13
    52    15    20    19    31    54    28    44    22    40    31    44    28    40    21    53    43    42    20    16
    29    17    27    48    28    23    38    28    22    54    29    28    18    23    52    48    14    41    28    40
    22    38    30    47    31    38    42    33    15    25    13    42    27    13    22    42    14    13    48    50
    21    13    17    44    47    14    50    25    39    39    17    48    13    28    27    33    15    27    31    19
    44    43    50    27    24    29    13    14    50    31    46    13    53    20    52    22    13    19    18    16
    27    39    41    26    18    13    39    13    24    15    40    43    50    39    39    52    52    21    22    15
    41    39    42    40    54    51    26    19    23    45    26    40    26    33    46    31    17    24    25    44
    53    15    18    22    45    26    46    39    41    27    46    46    20    19    18    44    24    50    29    16
    24    32    53    18    53    17    30    24    24    20    29    50    26    32    25    54    49    38    28    29
    17    51    39    49    33    28    42    38    21    27    29    21    51    19    34    15    34    31    32    26
    27    16    43    54    24    32    24    23    33    46    26    16    54    15    51    27    38    13    44    33
    26    13    41    24    33    43    22    29    29    26    43    15    13    21    30    38    45    34    24    29
    27    40    18    21    47    49    29    44    14    17    27    46    30    23    21    28    44    31    54    25
    18    28    24    14    38    42    13    48    13    53    25    21    49    48    15    29    42    13    28    31
    52    51    54    20    21    50    40    13    54    33    15    53    17    54    53    54    18    41    53    54
    32    53    44    44    13    32    53    41    26    54    13    15    47    49    26    32    47    48    19    13
    53    31    52    26    26    29    48    32    50    33    33    13    47    25    33    40    43    23    31    22
    51    53    47    15    16    44    43    30    38    22    42    53    50    51    26    13    27    45    25    40
    47    28    19    48    28    22    16    15    32    48    32    48    25    18    34    19    50    31    26    15
    13    51    41    29    20    19    32    13    23    44    23    23    25    51    30    18    19    41    54    15
    51    43    40    34    18    43    13    23    19    27    34    18    13    34    47    13    32    13    33    18
    20    46    43    25    18    45    23    30    42    18    17    39    50    23    38    28    34    47    24    13
    13    13    17    41    14    28    13    33    41    47    33    43    48    23    54    29    32    31    42    49
    32    27    20    43    52    33    13    24    52    21    13    53    17    31    15    21    40    50    13    48
    22    50    47    27    47    47    28    46    54    17    54    17    23    28    15    46    27    43    25    13
    40    50    34    29    38    48    53    13    51    54    44    13    13    40    19    18    20    44    51    22
    26    18    44    34    13    47    52    28    16    15    38    13    41    25    51    26    13    51    47    22
    18    44    30    34    29    19    15    44    17    49    49    41    24    50    48    53    52    18    42    26
    54    32    46    42    49    13    26    13    52    28    45    44    42    51    26    46    40    48    44    25
    34    28    44    46    52    27    48    52    32    31    14    16    13    40    48    52    34    27    53    19
    13    19    19    40    44    41    34    14    46    15    16    16    53    28    40    26    46    24    32    13
    17    34    14    25    49    39    45    27    23    14    40    15    43    18    13    25    32    41    45    13
    16    27    22    17    17    52    28    16    40    13    31    18    38    41    13    24    46    40    29    41
    30    44    13    38    42    46    22    45    15    49    49    44    47    30    38    51    38    27    14    52
    20    18    13    52    50    24    39    17    54    13    20    49    43    45    16    22    30    33    24    13
    40    25    28    31    25    21    20    33    47    25    41    13    20    28    54    52    52    13    33    17
    23    18    28    16    22    46    30    23    20    39    40    13    20    27    25    33    40    38    30    39
    54    47    24    27    41    34    31    30    50    16    13    17    44    13    24    16    16    49    17    46
    44    14    25    40    22    15    52    30    34    32    28    13    54    45    45    19    49    13    38    30
    29    23    17    45    39    16    44    48    21    47    32    46    30    25    13    52    24    47    16    50
    44    13    43    52    16    23    49    31    47    51    21    21    18    43    51    19    24    54    33    32
    20    54    33    24    40    24    16    29    17    32    48    13    30    14    54    21    13    20    13    50
    34    29    47    18    19    42    54    31    44    51    32    51    52    38    13    43    26    46    54    22
    40    51    13    46    33    24    33    21    49    15    40    14    33    23    54    45    39    17    31    34
    46    43    22    50    52    30    14    52    16    14    48    42    39    31    17    52    34    39    28    14
    46    34    43    47    21    13    53    27    32    38    54    28    26    22    40    13    19    32    19    51
    23    31    42    13    24    23    30    45    49    22    15    50    27    13    23    41    43    32    40    46
    23    53    20    16    19    19    42    29    43    49    22    13    45    45    32    26    21    28    24    44
    33    20    52    41    44    26    34    22    54    49    49    39    16    44    24    54    32    54    15    34
    30    46    42    27    46    52    34    15    28    29    14    40    13    44    40    16    22    17    33    42
    23    13    53    30    16    15    17    50    53    27    31    31    19    18    23    54    26    13    13    32
    26    41    20    13    13    52    52    23    44    32    19    42    18    48    54    52    54    24    48    48
    26    48    14    38    22    13    13    50    44    28    44    32    26    15    38    49    54    26    23    25
    42    52    48    54    17    23    14    15    53    16    16    30    17    23    13    27    45    53    43    52
    26    42    53    27    20    16    53    51    20    44    28    51    46    30    39    19    33    24    38    14
    16    48    42    23    31    53    13    13    13    31    27    34    48    30    42    47    52    44    13    24
    34    13    41    23    23    16    50    14    15    29    49    34    41    21    13    13    13    20    33    17
    13    49    19    19    20    40    22    40    16    13    30    30    29    25    33    54    45    28    28    49
    26    18    39    32    38    23    17    34    52    40    27    33    45    51    17    30    24    51    25    13
    47    45    24    42    46    23    30    46    48    53    19    43    33    54    51    41    44    34    34    40
    53    13    45    39    14    31    39    53    47    48    29    26    29    42    32    52    28    15    38    22
    48    44    51    13    21    45    46    13    32    42    41    40    33    32    21    47    34    14    46    31
    54    52    52    27    23    41    28    28    52    23    43    25    19    31    38    28    17    42    13    43
    39    41    32    45    29    40    46    21    17    38    22    21    40    15    45    33    18    29    52    18
    20    14    46    29    42    48    22    43    48    51    51    13    29    48    49    43    51    13    40    42
    21    21    13    46    14    22    13    52    49    34    40    31    20    23    15    50    13    14    24    44
    17    30    41    48    27    47    46    13    18    14    33    13    14    46    39    53    14    48    47    39
    41    31    13    38    54    17    13    17    18    52    32    14    42    44    19    33    23    25    13    27
    45    13    24    24    23    28    46    38    24    16    23    14    24    45    45    31    21    19    34    38
    30    54    19    47    34    51    39    16    48    53    39    18    27    16    38    43    31    13    32    54
    46    40    47    40    50    40    21    15    13    34    54    34    38    16    34    49    44    53    47    34
    16    13    21    33    34    14    31    50    29    40    29    49    13    14    16    30    47    44    28    50
    32    30    13    31    38    53    17    44    40    42    48    16    27    16    30    28    32    26    25    26
    29    52    46    32    23    40    50    51    52    25    50    17    48    26    21    16    31    39    50    48
    52    15    53    46    40    40    32    39    52    38    46    23    44    14    15    13    15    30    49    20
    22    33    18    26    41    20    48    13    51    38    13    13    28    46    15    47    27    13    53    32
    29    31    15    16    46    13    46    17    54    41    30    20    41    54    44    39    47    49    52    25
    49    23    14    23    40    52    50    41    23    23    27    15    34    19    46    41    16    15    13    17
    46    13    26    34    46    40    13    41    28    54    19    51    48    40    50    34    14    33    40    25
    13    15    20    45    45    25    14    54    13    16    43    20    39    41    13    30    23    52    50    52
    13    20    38    53    30    13    44    31    21    39    29    14    51    13    42    13    31    27    19    51
    53    46    13    20    44    34    46    19    18    47    21    42    44    21    51    22    20    50    41    32
    54    51    26    41    46    20    39    29    51    47    25    49    19    29    33    28    20    43    29    16
    33    27    16    50    16    23    52    51    29    51    18    45    51    43    32    54    42    22    50    13
    38    46    15    32    20    40    16    46    29    47    33    17    20    47    17    19    17    14    19    33
    28    44    26    50    45    25    49    14    15    44    48    27    32    47    39    25    31    53    14    51
    40    52    43    14    51    19    30    25    32    53    28    49    49    15    32    42    46    45    13    29
    19    38    22    42    43    53    25    14    18    23    50    16    41    13    29    22    17    22    54    44
    26    33    23    33    30    52    45    46    13    52    34    34    39    46    23    23    19    26    41    23
    13    48    33    50    24    29    44    41    18    29    38    30    43    52    39    43    15    13    29    16
    14    32    31    21    27    41    29    24    25    42    49    53    28    13    29    26    25    13    42    42
    48    20    50    51    19    33    40    30    52    21    38    51    32    13    31    47    29    50    32    48
    15    48    45    22    14    19    41    42    22    17    19    33    31    43    13    33    53    13    50    38
    53    50    20    40    54    41    17    26    46    13    13    43    15    19    41    40    41    27    25    13
    33    47    32    27    13    45    17    21    32    48    28    50    34    27    24    30    54    52    30    14
    46    19    48    40    23    19    26    17    24    13    47    45    50    13    49    21    46    48    45    33
    15    54    30    29    33    28    39    38    13    51    24    24    40    44    16    54    22    25    49    29
    43    32    31    19    47    14    13    15    51    32    26    31    49    14    23    50    52    21    43    48
    25    31    48    30    18    45    22    30    24    13    41    25    31    19    31    13    39    29    23    39
    34    43    20    38    52    23    30    26    21    15    33    28    38    43    32    49    23    22    49    45
    45    45    42    53    15    14    18    13    45    13    25    21    49    48    47    42    13    13    28    41
    44    40    23    26    46    27    19    15    26    15    40    49    16    20    25    22    38    25    23    27
    26    16    50    28    49    15    39    47    54    23    25    13    49    27    32    22    16    20    13    18
    42    25    38    34    23    31    23    13    13    24    28    52    54    16    49    33    29    45    40    53
    38    39    21    53    49    54    30    47    41    14    46    42    48    21    13    16    42    16    39    44
    54    19    24    38    32    45    39    46    43    17    47    43    28    32    13    40    13    39    44    24
    15    47    42    40    13    46    27    46    30    16    13    16    13    33    40    34    29    52    26    38
    22    16    13    17    13    13    38    38    15    31    54    24    52    27    53    22    27    21    23    52
    41    48    14    14    49    25    51    46    44    25    13    50    27    15    27    51    23    17    21    46
    48    47    24    51    18    23    13    19    40    18    17    51    20    28    49    21    20    41    29    15
    53    50    26    19    15    45    30    32    41    53    28    15    20    45    15    30    18    40    54    38
    45    40    43    17    13    27    47    13    52    29    19    52    14    23    24    23    27    27    16    22
    40    19    38    45    38    31    41    13    49    18    53    13    26    30    42    46    39    25    33    19
    40    25    47    24    13    20    24    23    13    34    20    22    24    38    30    45    13    22    32    13
    49    28    53    13    29    34    19    16    47    20    34    30    45    17    40    15    43    28    14    16
    44    45    43    54    24    52    32    19    52    24    47    48    13    43    52    17    51    13    48    44
    14    51    25    53    26    54    13    23    29    13    33    33    52    13    25    32    29    27    26    15
    43    20    47    51    16    22    28    16    41    19    30    18    33    46    27    34    26    40    13    52
    34    53    19    34    19    42    26    15    26    50    31    24    53    28    26    51    47    43    13    51
    17    13    30    25    19    40    16    48    22    43    46    13    30    17    48    26    41    48    16    13
    13    45    34    20    23    25    18    50    25    13    24    48    13    27    28    39    53    23    44    23
    22    23    28    34    50    13    27    49    54    38    49    13    53    34    21    24    13    19    48    52
    24    46    43    13    34    25    24    19    31    44    31    52    52    23    26    13    43    44    38    13
    13    51    25    18    54    54    27    47    27    33    29    34    20    40    42    32    13    44    43    39
    44    14    32    49    13    23    19    13    54    46    46    39    46    31    50    14    40    30    42    41
    46    53    33    54    23    54    26    24    34    48    39    47    33    49    41    26    54    49    32    44
    31    18    13    13    17    13    16    53    49    17    23    29    21    54    15    31    38    18    30    45
    28    50    27    33    33    13    43    25    42    31    52    16    40    22    19    19    40    43    48    14
    26    16    52    25    28    32    30    20    43    26    20    13    50    46    42    15    13    54    41    22
    54    30    20    20    43    39    20    53    40    50    47    21    22    45    52    13    45    17    33    53
    31    48    51    38    34    31    48    42    13    34    19    26    49    18    46    16    53    13    33    15
    19    20    43    18    53    18    29    45    46    24    20    25    47    50    15    54    26    22    13    54
    54    32    27    20    39    51    33    38    38    46    44    47    46    32    26    20    46    25    25    48
    51    47    15    25    32    20    16    14    45    16    24    42    25    48    53    21    46    16    54    41
    28    18    33    34    42    41    46    15    33    30    44    26    50    19    13    40    20    13    13    38
    46    27    46    33    54    42    20    31    41    13    48    46    26    16    16    24    43    46    13    50
    20    53    43    34    39    13    54    16    30    46    47    42    50    47    51    26    23    20    13    53
    18    42    33    26    14    13    54    40    39    29    45    52    43    27    15    17    16    14    38    33
    31    30    39    45    15    23    15    19    44    33    43    13    21    40    27    25    53    29    14    13
    18    31    42    50    19    17    44    47    39    21    13    28    25    40    52    22    29    13    13    30
    29    26    27    14    29    27    48    13    31    54    31    44    21    54    40    17    33    34    32    33
    52    27    45    19    13    18    46    13    28    46    20    22    18    28    52    31    18    45    19    13
    40    13    53    26    23    23    21    41    49    45    49    25    23    33    30    25    31    13    17    25
    34    38    53    18    13    42    25    24    38    14    15    40    18    16    39    13    20    44    33    41
    49    47    40    23    54    32    50    29    14    42    26    48    21    15    53    16    27    44    19    28
    41    30    46    46    42    30    29    28    43    29    26    13    23    22    45    42    13    14    22    29
    16    40    28    51    25    15    16    47    30    28    24    19    29    45    54    38    27    34    45    39
    26    28    40    13    18    23    23    15    43    20    47    14    20    21    13    46    24    13    17    20
    33    13    27    38    17    15    45    13    20    26    40    53    14    33    23    26    16    16    21    18
    39    43    13    19    17    13    13    38    26    16    17    54    13    26    53    49    46    19    16    13
    42    28    54    45    49    32    20    31    44    29    48    20    49    51    17    24    44    38    22    19
    42    41    19    13    19    17    32    47    44    43    42    44    48    45    27    18    33    16    41    18
    30    40    32    19    19    49    26    19    25    45    49    43    15    24    51    18    23    16    31    48
    21    15    13    13    25    47    50    46    44    46    18    44    54    28    53    19    28    23    50    13
    13    13    26    32    13    52    41    41    31    22    44    49    46    13    17    15    44    31    17    49
    47    23    13    16    46    23    25    13    39    19    38    31    51    19    18    14    16    27    13    27
    49    47    22    45    33    23    31    29    48    25    22    21    16    51    14    52    51    38    32    17
    13    24    13    27    19    29    33    47    51    32    31    45    26    34    29    22    21    16    28    30
    39    13    38    41    29    47    45    15    26    31    21    22    49    19    29    19    21    42    21    52
    46    13    30    51    47    34    54    16    44    42    14    13    50    13    15    44    24    19    29    15
    54    32    28    40    20    49    24    47    53    14    19    46    13    13    13    30    42    47    51    34
    17    32    30    34    52    51    49    53    27    29    14    18    34    49    40    40    13    26    25    50
    28    30    47    14    26    21    20    32    23    14    20    54    32    49    33    46    26    46    49    52
    13    50    39    31    16    47    32    14    30    13    20    34    53    42    23    26    42    54    31    24
    42    33    25    30    19    25    50    30    48    30    54    15    16    51    44    34    33    31    20    14
    24    46    15    20    32    50    49    48    53    17    33    30    54    39    44    33    52    52    44    17
    52    17    39    39    13    42    14    27    14    50    17    14    52    51    13    41    15    29    52    43
    44    41    49    51    50    13    26    45    21    29    32    38    14    54    20    20    52    50    27    25
    13    38    18    20    27    15    22    13    13    28    49    52    30    51    54    22    24    48    45    17
    27    43    46    45    16    31    47    30    19    16    13    42    28    18    45    27    20    52    43    16
    31    29    53    40    20    30    29    47    39    31    42    25    18    39    31    33    34    13    29    16
    53    27    42    42    53    14    28    31    16    17    52    23    19    29    30    30    48    43    14    27
    18    24    28    49    30    24    22    43    23    27    53    29    13    39    34    23    26    49    34    23
    29    42    25    42    19    42    13    25    54    18    51    21    17    47    33    13    30    54    28    32
    48    43    46    47    22    53    47    51    45    15    13    19    51    47    22    33    40    34    31    23
    45    25    26    52    47    20    15    17    46    29    30    29    42    29    13    14    17    38    18    16
    41    51    42    45    28    15    18    34    33    53    18    47    29    28    20    49    46    44    29    54
    23    42    30    26    31    44    21    27    13    32    32    16    49    32    22    20    46    50    43    25
    15    45    30    13    42    20    39    53    21    22    39    50    27    40    54    24    31    24    28    46
    38    34    20    30    39    31    32    25    26    48    19    46    40    16    38    25    43    38    41    18
    33    24    38    33    22    26    23    13    15    13    20    20    15    29    28    33    13    54    14    31
    23    53    14    28    16    45    43    13    46    16    20    31    16    27    43    40    46    22    28    26
    48    13    22    27    22    21    50    53    29    42    29    41    22    13    49    53    51    53    33    15
    43    17    32    49    34    43    43    44    19    47    33    46    47    23    26    54    16    33    46    50
    24    52    49    32    13    19    41    49    51    42    50    20    29    33    13    34    54    13    33    45
    31    43    29    13    33    20    48    24    40    47    16    28    16    40    21    19    45    47    13    25
    13    23    46    24    24    27    25    32    40    29    13    16    21    22    30    45    44    28    50    29
    20    29    41    51    29    34    29    33    17    32    40    21    19    39    42    34    42    16    21    46
    20    29    53    26    53    47    19    51    26    15    25    27    47    21    45    14    18    14    24    15
    47    30    13    26    17    13    53    29    31    24    13    34    14    41    19    47    47    51    54    41
    48    29    27    34    32    21    33    19    13    42    41    17    44    21    31    31    44    13    13    40
    38    17    47    24    15    48    50    13    18    54    53    42    29    18    19    13    38    28    20    41
    42    25    15    23    16    52    23    50    21    33    46    19    33    31    34    28    14    48    26    48
    13    16    53    31    25    45    15    23    51    42    39    46    34    34    45    18    13    30    26    47
    50    45    32    53    32    15    33    13    26    18    44    28    34    13    38    18    18    13    32    24
    38    39    33    19    17    49    23    18    43    28    15    19    33    34    42    20    53    46    49    13
    27    23    54    26    48    19    14    43    38    33    47    13    38    26    50    45    19    44    13    24
    42    33    44    41    16    50    15    22    22    29    23    51    13    53    13    39    50    44    16    32
    44    53    19    51    15    13    45    20    31    32    39    26    13    45    50    46    48    24    30    38
    32    15    43    29    42    44    23    52    18    29    51    24    14    46    20    13    23    25    50    13
    13    42    32    38    27    34    18    18    19    53    45    27    24    33    29    45    32    15    39    45
    32    45    52    42    51    30    41    19    28    49    17    53    21    43    33    29    32    15    17    26
    30    33    13    53    39    51    14    25    25    54    33    22    44    15    18    27    34    13    14    52
    24    51    20    22    14    49    13    19    25    54    13    27    14    18    33    34    30    47    53    48
    13    26    26    42    47    19    50    47    49    27    30    33    50    16    26    21    45    14    51    47
    27    46    15    30    26    28    32    50    34    19    49    27    49    50    19    52    38    50    39    45
    31    17    42    49    47    50    53    31    51    13    31    14    38    29    46    52    44    30    24    16
    29    42    49    20    38    53    17    18    22    30    29    47    43    29    15    24    22    32    45    54
    13    22    14    30    53    27    25    40    48    13    41    41    38    26    48    53    33    29    13    42
    34    44    43    26    25    13    54    47    25    46    41    53    32    15    24    24    13    52    52    28
    50    49    17    20    47    51    52    41    13    44    20    54    15    43    32    39    14    42    21    13
    50    15    21    13    38    45    42    13    32    17    13    43    14    13    33    13    21    18    42    27
    22    13    34    21    33    19    19    32    43    52    30    22    48    17    16    34    21    32    53    50
    53    16    52    41    13    39    16    27    47    13    13    17    21    32    52    25    13    33    32    17
    48    49    44    22    51    23    23    26    30    44    13    22    29    26    18    29    42    41    45    28
    30    22    33    51    41    53    39    51    39    41    43    29    24    51    20    13    18    42    45    42
    54    15    48    48    13    43    13    13    25    29    34    18    43    50    44    14    45    46    13    19
    21    23    23    16    13    13    13    30    20    13    25    53    34    44    29    43    20    23    13    53
    24    44    44    24    22    44    43    48    18    32    52    39    38    21    24    52    13    40    45    42
    45    47    52    34    18    54    46    22    20    47    19    51    23    13    13    20    48    39    28    23
    15    23    50    17    34    43    43    38    46    29    52    13    39    46    22    51    14    21    52    40
    14    53    43    43    40    30    41    28    13    54    32    41    17    50    13    31    24    28    52    18
    49    38    28    33    46    33    15    28    24    31    13    13    17    32    53    54    13    27    39    42
    54    20    17    23    13    23    41    50    32    52    28    26    29    28    43    22    28    15    48    53
    31    52    26    29    46    41    22    53    38    49    21    16    53    21    32    28    31    21    23    18
    46    46    13    13    26    13    40    23    34    47    30    21    51    21    53    21    43    19    13    40
    30    33    47    30    41    19    43    19    32    28    51    13    15    34    17    44    47    52    26    22
    24    51    29    28    47    51    44    48    54    30    24    42    48    33    47    25    39    13    28    23
    22    45    54    14    48    42    13    13    13    13    30    21    39    43    51    45    20    23    40    40
    18    26    31    13    40    24    39    22    27    53    51    22    47    23    16    29    45    16    24    46
    54    26    45    22    23    46    28    41    39    52    41    51    15    17    52    45    24    13    21    29
    34    48    48    48    30    13    39    38    40    13    33    33    22    18    39    53    51    20    27    34
    39    30    28    17    42    13    28    52    14    25    26    47    41    13    14    33    33    33    42    25
    25    31    23    44    13    49    46    44    54    50    21    21    15    31    30    51    38    15    16    50
    23    14    47    31    13    18    45    29    24    22    17    24    49    52    20    30    14    15    46    16
    39    40    22    54    14    52    14    18    53    13    40    46    25    51    41    14    13    31    21    18
    31    52    13    45    31    40    38    17    53    51    14    23    51    46    31    31    42    31    28    54
    44    47    42    42    44    50    54    32    13    38    17    17    42    23    33    41    27    41    31    24
    18    28    29    20    39    54    23    15    30    48    50    17    13    14    42    26    24    34    15    30
    50    44    16    25    26    47    27    44    23    27    29    51    30    54    38    32    13    24    38    54
    48    30    24    20    31    43    44    53    33    49    51    49    22    28    47    30    17    17    18    20
    47    52    21    40    38    27    38    27    34    49    44    53    47    23    21    40    53    27    48    24
    14    21    26    39    26    47    15    19    39    14    31    34    49    14    46    45    40    54    41    50
    48    22    13    20    52    34    21    21    54    15    32    34    51    51    42    33    54    47    16    28
    53    13    44    26    47    17    27    13    33    47    26    49    19    34    49    48    39    40    29    33
    14    31    38    16    28    30    16    33    24    44    13    25    52    13    38    46    30    51    13    13
    38    48    33    16    13    17    41    25    52    41    40    28    33    16    47    40    17    21    26    41
    19    43    31    53    15    19    47    20    48    31    48    14    44    19    31    17    54    43    47    49
    19    39    27    43    24    41    34    43    29    28    48    16    23    23    43    19    33    44    17    13
    20    31    54    49    47    16    28    47    13    23    40    17    23    20    19    18    38    20    44    26
    29    16    22    25    29    46    44    54    39    34    15    20    31    39    14    41    38    29    47    13
    43    23    49    16    31    13    17    42    27    49    26    30    41    25    13    30    34    41    16    17
    33    25    21    17    16    18    45    42    47    42    47    13    53    13    23    24    34    53    31    15
    26    43    17    30    51    22    50    23    15    54    22    50    53    18    54    47    52    43    26    15
    54    38    27    20    47    49    33    29    23    16    32    53    45    26    54    13    13    48    22    28
