   0.001780970544927
   0.001496497081313
   0.000823006230686
   0.001579531205073
   0.000920341155957
   0.001880505462922
   0.001730930798687
   0.002026451865397
   0.000774097441416
   0.001882058257610
   0.001879153383803
   0.001447538931482
   0.001665720099490
   0.000776512115262
   0.001803707603365
   0.001153941601329
   0.000788356014434
   0.000993649149779
   0.001403693728801
   0.001357719688490
   0.001994809598941
   0.001455698462203
   0.001505136379227
   0.000706264868751
   0.000771957045142
   0.001007023030799
   0.002038484184165
   0.001205771625135
   0.002088676643372
   0.000789050639421
   0.002070475760289
   0.000845072625671
   0.001640077320393
   0.001439121814445
   0.001116238023434
   0.001699535287451
   0.001627131969761
   0.000970185372047
   0.001486113894917
   0.001724798626173
   0.000986827260628
   0.001158435486909
   0.001614034061320
   0.001061262637563
   0.001289584011398
   0.001538866046909
   0.000973809900880
   0.000945079039875
   0.002041152348928
   0.001302569237724
   0.001046427551564
   0.001346516485047
   0.000964939540904
   0.001234021301661
   0.001521656968538
   0.001690518114436
   0.001979955143575
   0.000867491211835
   0.002044289294630
   0.001728150578309
   0.001275358188525
   0.002026777682919
   0.001972687266767
   0.001101740646735
   0.001580709225219
   0.001145726768393
   0.000943425104115
   0.001996021190006
   0.001303253613785
   0.000846551278140
   0.001955052815937
   0.000924060162529
   0.001439710089471
   0.001505550110247
   0.001959263228532
   0.001422530444246
   0.000743448925670
   0.000937957084924
   0.002069182093069
   0.001578463990148
   0.001143392718211
   0.002001418438740
   0.001007479531411
   0.002052527203783
   0.001187332852371
   0.001881183141749
   0.001328952527605
   0.000824724572804
   0.001535620780475
   0.001907861843985
   0.000713698396645
   0.000905740546808
   0.002055324571114
   0.001654872576334
   0.001906108075567
   0.001424808999244
   0.001943410824705
   0.001203197679948
   0.001043397911545
   0.001761447900534
